//ontbrekendgetal.ps frm:2 spn:5 max:100 spr:5 stp:2
//klopt de rij heen/terug
//heen
//2 6 8 10#2,4,6,8,10#4
//4 6 10 12#4,6,8,10,12#8
//6 8 12 14#6,8,10,12,14#10
//8 10 12 16#8,10,12,14,16#14
//10 14 16 18#10,12,14,16,18#12
//12 16 18 20#12,14,16,18,20#14
//14 16 20 22#14,16,18,20,22#18
//16 18 20 24#16,18,20,22,24#22
//18 20 24 26#18,20,22,24,26#22
20 22 24 28#20,22,24,26,28#26
22 24 26 30#22,24,26,28,30#28
24 28 30 32#24,26,28,30,32#26
26 28 30 34#26,28,30,32,34#32
28 30 32 36#28,30,32,34,36#34
30 34 36 38#30,32,34,36,38#32
32 34 38 40#32,34,36,38,40#36
34 36 40 42#34,36,38,40,42#38
36 38 40 44#36,38,40,42,44#42
38 40 44 46#38,40,42,44,46#42
40 44 46 48#40,42,44,46,48#42
42 44 48 50#42,44,46,48,50#46
44 46 48 52#44,46,48,50,52#50
46 48 52 54#46,48,50,52,54#50
48 50 54 56#48,50,52,54,56#52
50 52 56 58#50,52,54,56,58#54
52 54 58 60#52,54,56,58,60#56
54 58 60 62#54,56,58,60,62#56
56 60 62 64#56,58,60,62,64#58
58 60 62 66#58,60,62,64,66#64
60 62 66 68#60,62,64,66,68#64
62 64 68 70#62,64,66,68,70#66
64 66 68 72#64,66,68,70,72#70
66 68 70 74#66,68,70,72,74#72
68 70 72 76#68,70,72,74,76#74
70 74 76 78#70,72,74,76,78#72
72 76 78 80#72,74,76,78,80#74
74 78 80 82#74,76,78,80,82#76
76 80 82 84#76,78,80,82,84#78
78 82 84 86#78,80,82,84,86#80
80 82 84 88#80,82,84,86,88#86
82 84 88 90#82,84,86,88,90#86
84 86 88 92#84,86,88,90,92#90
86 88 90 94#86,88,90,92,94#92
88 90 92 96#88,90,92,94,96#94
90 92 96 98#90,92,94,96,98#94
92 94 96 100#92,94,96,98,100#98
//terug
//10 8 4 2#10,8,6,4,2#6
//12 10 6 4#12,10,8,6,4#8
//14 10 8 6#14,12,10,8,6#12
//16 14 12 8#16,14,12,10,8#10
//18 16 12 10#18,16,14,12,10#14
//20 18 16 12#20,18,16,14,12#14
//22 18 16 14#22,20,18,16,14#20
//24 22 20 16#24,22,20,18,16#18
26 24 20 18#26,24,22,20,18#22
28 26 22 20#28,26,24,22,20#24
30 26 24 22#30,28,26,24,22#28
32 30 28 24#32,30,28,26,24#26
34 30 28 26#34,32,30,28,26#32
36 32 30 28#36,34,32,30,28#34
38 36 32 30#38,36,34,32,30#34
40 36 34 32#40,38,36,34,32#38
42 38 36 34#42,40,38,36,34#40
44 40 38 36#44,42,40,38,36#42
46 44 42 38#46,44,42,40,38#40
48 46 42 40#48,46,44,42,40#44
50 48 46 42#50,48,46,44,42#44
52 50 46 44#52,50,48,46,44#48
54 52 50 46#54,52,50,48,46#48
56 54 50 48#56,54,52,50,48#52
58 56 54 50#58,56,54,52,50#52
60 56 54 52#60,58,56,54,52#58
62 60 58 54#62,60,58,56,54#56
64 60 58 56#64,62,60,58,56#62
66 64 60 58#66,64,62,60,58#62
68 64 62 60#68,66,64,62,60#66
70 68 64 62#70,68,66,64,62#66
72 68 66 64#72,70,68,66,64#70
74 72 68 66#74,72,70,68,66#70
76 74 72 68#76,74,72,70,68#70
78 76 74 70#78,76,74,72,70#72
80 78 74 72#80,78,76,74,72#76
82 80 76 74#82,80,78,76,74#78
84 82 80 76#84,82,80,78,76#78
86 84 80 78#86,84,82,80,78#82
88 86 84 80#88,86,84,82,80#82
90 88 84 82#90,88,86,84,82#86
92 90 86 84#92,90,88,86,84#88
94 92 88 86#94,92,90,88,86#90
96 94 90 88#96,94,92,90,88#92
98 96 92 90#98,96,94,92,90#94
100 96 94 92#100,98,96,94,92#98

//Saved to ..\output\kloptderij.txt
