//heen
21 22 23 24 25#20,21,22,23,24,25#T
20 22 23 24 25#20,21,22,23,24,25#F
22 23 24 25 26#21,22,23,24,25,26#T
21 22 23 25 26#21,22,23,24,25,26#F
23 24 25 26 27#22,23,24,25,26,27#T
22 23 25 26 27#22,23,24,25,26,27#F
24 25 26 27 28#23,24,25,26,27,28#T
23 24 25 27 28#23,24,25,26,27,28#F
25 26 27 28 29#24,25,26,27,28,29#T
24 25 27 28 29#24,25,26,27,28,29#F
26 27 28 29 30#25,26,27,28,29,30#T
25 26 27 29 30#25,26,27,28,29,30#F
27 28 29 30 31#26,27,28,29,30,31#T
26 27 28 30 31#26,27,28,29,30,31#F
28 29 30 31 32#27,28,29,30,31,32#T
27 28 29 30 32#27,28,29,30,31,32#F
29 30 31 32 33#28,29,30,31,32,33#T
28 29 30 31 33#28,29,30,31,32,33#F
30 31 32 33 34#29,30,31,32,33,34#T
29 30 31 32 34#29,30,31,32,33,34#F
31 32 33 34 35#30,31,32,33,34,35#T
30 32 33 34 35#30,31,32,33,34,35#F
32 33 34 35 36#31,32,33,34,35,36#T
31 32 33 35 36#31,32,33,34,35,36#F
33 34 35 36 37#32,33,34,35,36,37#T
32 34 35 36 37#32,33,34,35,36,37#F
34 35 36 37 38#33,34,35,36,37,38#T
33 34 36 37 38#33,34,35,36,37,38#F
35 36 37 38 39#34,35,36,37,38,39#T
34 36 37 38 39#34,35,36,37,38,39#F
36 37 38 39 40#35,36,37,38,39,40#T
35 37 38 39 40#35,36,37,38,39,40#F
37 38 39 40 41#36,37,38,39,40,41#T
36 37 39 40 41#36,37,38,39,40,41#F
38 39 40 41 42#37,38,39,40,41,42#T
37 38 39 41 42#37,38,39,40,41,42#F
39 40 41 42 43#38,39,40,41,42,43#T
38 39 40 42 43#38,39,40,41,42,43#F
40 41 42 43 44#39,40,41,42,43,44#T
39 40 42 43 44#39,40,41,42,43,44#F
41 42 43 44 45#40,41,42,43,44,45#T
40 41 42 44 45#40,41,42,43,44,45#F
42 43 44 45 46#41,42,43,44,45,46#T
41 42 43 44 46#41,42,43,44,45,46#F
43 44 45 46 47#42,43,44,45,46,47#T
42 43 44 45 47#42,43,44,45,46,47#F
44 45 46 47 48#43,44,45,46,47,48#T
43 44 45 46 48#43,44,45,46,47,48#F
45 46 47 48 49#44,45,46,47,48,49#T
44 45 46 47 49#44,45,46,47,48,49#F
46 47 48 49 50#45,46,47,48,49,50#T
45 47 48 49 50#45,46,47,48,49,50#F
47 48 49 50 51#46,47,48,49,50,51#T
46 47 49 50 51#46,47,48,49,50,51#F
48 49 50 51 52#47,48,49,50,51,52#T
47 48 49 51 52#47,48,49,50,51,52#F
49 50 51 52 53#48,49,50,51,52,53#T
48 50 51 52 53#48,49,50,51,52,53#F
50 51 52 53 54#49,50,51,52,53,54#T
49 51 52 53 54#49,50,51,52,53,54#F
51 52 53 54 55#50,51,52,53,54,55#T
50 51 52 53 55#50,51,52,53,54,55#F
52 53 54 55 56#51,52,53,54,55,56#T
51 52 54 55 56#51,52,53,54,55,56#F
53 54 55 56 57#52,53,54,55,56,57#T
52 54 55 56 57#52,53,54,55,56,57#F
54 55 56 57 58#53,54,55,56,57,58#T
53 54 55 56 58#53,54,55,56,57,58#F
55 56 57 58 59#54,55,56,57,58,59#T
54 55 57 58 59#54,55,56,57,58,59#F
56 57 58 59 60#55,56,57,58,59,60#T
55 56 57 59 60#55,56,57,58,59,60#F
57 58 59 60 61#56,57,58,59,60,61#T
56 57 58 60 61#56,57,58,59,60,61#F
58 59 60 61 62#57,58,59,60,61,62#T
57 59 60 61 62#57,58,59,60,61,62#F
59 60 61 62 63#58,59,60,61,62,63#T
58 60 61 62 63#58,59,60,61,62,63#F
60 61 62 63 64#59,60,61,62,63,64#T
59 60 61 63 64#59,60,61,62,63,64#F
61 62 63 64 65#60,61,62,63,64,65#T
60 61 63 64 65#60,61,62,63,64,65#F
62 63 64 65 66#61,62,63,64,65,66#T
61 62 64 65 66#61,62,63,64,65,66#F
63 64 65 66 67#62,63,64,65,66,67#T
62 63 64 65 67#62,63,64,65,66,67#F
64 65 66 67 68#63,64,65,66,67,68#T
63 65 66 67 68#63,64,65,66,67,68#F
65 66 67 68 69#64,65,66,67,68,69#T
64 65 66 68 69#64,65,66,67,68,69#F
66 67 68 69 70#65,66,67,68,69,70#T
65 66 67 69 70#65,66,67,68,69,70#F
67 68 69 70 71#66,67,68,69,70,71#T
66 67 68 69 71#66,67,68,69,70,71#F
68 69 70 71 72#67,68,69,70,71,72#T
67 68 70 71 72#67,68,69,70,71,72#F
69 70 71 72 73#68,69,70,71,72,73#T
68 69 70 72 73#68,69,70,71,72,73#F
70 71 72 73 74#69,70,71,72,73,74#T
69 70 71 73 74#69,70,71,72,73,74#F
71 72 73 74 75#70,71,72,73,74,75#T
70 71 72 73 75#70,71,72,73,74,75#F
72 73 74 75 76#71,72,73,74,75,76#T
71 72 74 75 76#71,72,73,74,75,76#F
73 74 75 76 77#72,73,74,75,76,77#T
72 73 75 76 77#72,73,74,75,76,77#F
74 75 76 77 78#73,74,75,76,77,78#T
73 74 76 77 78#73,74,75,76,77,78#F
75 76 77 78 79#74,75,76,77,78,79#T
74 75 76 77 79#74,75,76,77,78,79#F
76 77 78 79 80#75,76,77,78,79,80#T
75 76 78 79 80#75,76,77,78,79,80#F
77 78 79 80 81#76,77,78,79,80,81#T
76 77 79 80 81#76,77,78,79,80,81#F
78 79 80 81 82#77,78,79,80,81,82#T
77 78 79 80 82#77,78,79,80,81,82#F
79 80 81 82 83#78,79,80,81,82,83#T
78 79 81 82 83#78,79,80,81,82,83#F
80 81 82 83 84#79,80,81,82,83,84#T
79 80 82 83 84#79,80,81,82,83,84#F
81 82 83 84 85#80,81,82,83,84,85#T
80 81 82 84 85#80,81,82,83,84,85#F
82 83 84 85 86#81,82,83,84,85,86#T
81 82 83 84 86#81,82,83,84,85,86#F
83 84 85 86 87#82,83,84,85,86,87#T
82 84 85 86 87#82,83,84,85,86,87#F
84 85 86 87 88#83,84,85,86,87,88#T
83 84 86 87 88#83,84,85,86,87,88#F
85 86 87 88 89#84,85,86,87,88,89#T
84 85 86 88 89#84,85,86,87,88,89#F
86 87 88 89 90#85,86,87,88,89,90#T
85 86 87 89 90#85,86,87,88,89,90#F
87 88 89 90 91#86,87,88,89,90,91#T
86 87 89 90 91#86,87,88,89,90,91#F
88 89 90 91 92#87,88,89,90,91,92#T
87 88 89 90 92#87,88,89,90,91,92#F
89 90 91 92 93#88,89,90,91,92,93#T
88 90 91 92 93#88,89,90,91,92,93#F
90 91 92 93 94#89,90,91,92,93,94#T
89 91 92 93 94#89,90,91,92,93,94#F
91 92 93 94 95#90,91,92,93,94,95#T
90 92 93 94 95#90,91,92,93,94,95#F
92 93 94 95 96#91,92,93,94,95,96#T
91 92 93 95 96#91,92,93,94,95,96#F
93 94 95 96 97#92,93,94,95,96,97#T
92 94 95 96 97#92,93,94,95,96,97#F
94 95 96 97 98#93,94,95,96,97,98#T
93 94 96 97 98#93,94,95,96,97,98#F
95 96 97 98 99#94,95,96,97,98,99#T
94 95 96 97 99#94,95,96,97,98,99#F
96 97 98 99 100#95,96,97,98,99,100#T
95 96 98 99 100#95,96,97,98,99,100#F
