//terug
24 23 22 21 20#25,24,23,22,21,20#T
25 24 22 21 20#25,24,23,22,21,20#F
25 24 23 22 21#26,25,24,23,22,21#T
26 24 23 22 21#26,25,24,23,22,21#F
26 25 24 23 22#27,26,25,24,23,22#T
27 26 24 23 22#27,26,25,24,23,22#F
27 26 25 24 23#28,27,26,25,24,23#T
28 27 26 25 23#28,27,26,25,24,23#F
28 27 26 25 24#29,28,27,26,25,24#T
29 28 27 26 24#29,28,27,26,25,24#F
29 28 27 26 25#30,29,28,27,26,25#T
30 29 28 26 25#30,29,28,27,26,25#F
30 29 28 27 26#31,30,29,28,27,26#T
31 30 29 28 26#31,30,29,28,27,26#F
31 30 29 28 27#32,31,30,29,28,27#T
32 31 29 28 27#32,31,30,29,28,27#F
32 31 30 29 28#33,32,31,30,29,28#T
33 32 31 29 28#33,32,31,30,29,28#F
33 32 31 30 29#34,33,32,31,30,29#T
34 33 32 31 29#34,33,32,31,30,29#F
34 33 32 31 30#35,34,33,32,31,30#T
35 34 32 31 30#35,34,33,32,31,30#F
35 34 33 32 31#36,35,34,33,32,31#T
36 35 34 33 31#36,35,34,33,32,31#F
36 35 34 33 32#37,36,35,34,33,32#T
37 36 34 33 32#37,36,35,34,33,32#F
37 36 35 34 33#38,37,36,35,34,33#T
38 37 36 34 33#38,37,36,35,34,33#F
38 37 36 35 34#39,38,37,36,35,34#T
39 38 37 36 34#39,38,37,36,35,34#F
39 38 37 36 35#40,39,38,37,36,35#T
40 39 38 37 35#40,39,38,37,36,35#F
40 39 38 37 36#41,40,39,38,37,36#T
41 40 38 37 36#41,40,39,38,37,36#F
41 40 39 38 37#42,41,40,39,38,37#T
42 40 39 38 37#42,41,40,39,38,37#F
42 41 40 39 38#43,42,41,40,39,38#T
43 42 40 39 38#43,42,41,40,39,38#F
43 42 41 40 39#44,43,42,41,40,39#T
44 43 42 41 39#44,43,42,41,40,39#F
44 43 42 41 40#45,44,43,42,41,40#T
45 44 43 41 40#45,44,43,42,41,40#F
45 44 43 42 41#46,45,44,43,42,41#T
46 44 43 42 41#46,45,44,43,42,41#F
46 45 44 43 42#47,46,45,44,43,42#T
47 46 45 44 42#47,46,45,44,43,42#F
47 46 45 44 43#48,47,46,45,44,43#T
48 47 45 44 43#48,47,46,45,44,43#F
48 47 46 45 44#49,48,47,46,45,44#T
49 48 46 45 44#49,48,47,46,45,44#F
49 48 47 46 45#50,49,48,47,46,45#T
50 49 48 46 45#50,49,48,47,46,45#F
50 49 48 47 46#51,50,49,48,47,46#T
51 50 48 47 46#51,50,49,48,47,46#F
51 50 49 48 47#52,51,50,49,48,47#T
52 51 49 48 47#52,51,50,49,48,47#F
52 51 50 49 48#53,52,51,50,49,48#T
53 51 50 49 48#53,52,51,50,49,48#F
53 52 51 50 49#54,53,52,51,50,49#T
54 53 51 50 49#54,53,52,51,50,49#F
54 53 52 51 50#55,54,53,52,51,50#T
55 53 52 51 50#55,54,53,52,51,50#F
55 54 53 52 51#56,55,54,53,52,51#T
56 55 53 52 51#56,55,54,53,52,51#F
56 55 54 53 52#57,56,55,54,53,52#T
57 56 54 53 52#57,56,55,54,53,52#F
57 56 55 54 53#58,57,56,55,54,53#T
58 57 56 54 53#58,57,56,55,54,53#F
58 57 56 55 54#59,58,57,56,55,54#T
59 57 56 55 54#59,58,57,56,55,54#F
59 58 57 56 55#60,59,58,57,56,55#T
60 59 58 56 55#60,59,58,57,56,55#F
60 59 58 57 56#61,60,59,58,57,56#T
61 60 59 58 56#61,60,59,58,57,56#F
61 60 59 58 57#62,61,60,59,58,57#T
62 61 60 58 57#62,61,60,59,58,57#F
62 61 60 59 58#63,62,61,60,59,58#T
63 62 61 60 58#63,62,61,60,59,58#F
63 62 61 60 59#64,63,62,61,60,59#T
64 63 61 60 59#64,63,62,61,60,59#F
64 63 62 61 60#65,64,63,62,61,60#T
65 64 63 62 60#65,64,63,62,61,60#F
65 64 63 62 61#66,65,64,63,62,61#T
66 64 63 62 61#66,65,64,63,62,61#F
66 65 64 63 62#67,66,65,64,63,62#T
67 65 64 63 62#67,66,65,64,63,62#F
67 66 65 64 63#68,67,66,65,64,63#T
68 66 65 64 63#68,67,66,65,64,63#F
68 67 66 65 64#69,68,67,66,65,64#T
69 68 67 66 64#69,68,67,66,65,64#F
69 68 67 66 65#70,69,68,67,66,65#T
70 69 68 66 65#70,69,68,67,66,65#F
70 69 68 67 66#71,70,69,68,67,66#T
71 70 69 67 66#71,70,69,68,67,66#F
71 70 69 68 67#72,71,70,69,68,67#T
72 70 69 68 67#72,71,70,69,68,67#F
72 71 70 69 68#73,72,71,70,69,68#T
73 72 70 69 68#73,72,71,70,69,68#F
73 72 71 70 69#74,73,72,71,70,69#T
74 73 72 70 69#74,73,72,71,70,69#F
74 73 72 71 70#75,74,73,72,71,70#T
75 74 73 71 70#75,74,73,72,71,70#F
75 74 73 72 71#76,75,74,73,72,71#T
76 75 74 72 71#76,75,74,73,72,71#F
76 75 74 73 72#77,76,75,74,73,72#T
77 75 74 73 72#77,76,75,74,73,72#F
77 76 75 74 73#78,77,76,75,74,73#T
78 76 75 74 73#78,77,76,75,74,73#F
78 77 76 75 74#79,78,77,76,75,74#T
79 78 76 75 74#79,78,77,76,75,74#F
79 78 77 76 75#80,79,78,77,76,75#T
80 79 78 76 75#80,79,78,77,76,75#F
80 79 78 77 76#81,80,79,78,77,76#T
81 79 78 77 76#81,80,79,78,77,76#F
81 80 79 78 77#82,81,80,79,78,77#T
82 81 80 78 77#82,81,80,79,78,77#F
82 81 80 79 78#83,82,81,80,79,78#T
83 82 81 79 78#83,82,81,80,79,78#F
83 82 81 80 79#84,83,82,81,80,79#T
84 83 82 80 79#84,83,82,81,80,79#F
84 83 82 81 80#85,84,83,82,81,80#T
85 84 82 81 80#85,84,83,82,81,80#F
85 84 83 82 81#86,85,84,83,82,81#T
86 85 84 83 81#86,85,84,83,82,81#F
86 85 84 83 82#87,86,85,84,83,82#T
87 86 85 84 82#87,86,85,84,83,82#F
87 86 85 84 83#88,87,86,85,84,83#T
88 86 85 84 83#88,87,86,85,84,83#F
88 87 86 85 84#89,88,87,86,85,84#T
89 87 86 85 84#89,88,87,86,85,84#F
89 88 87 86 85#90,89,88,87,86,85#T
90 89 88 87 85#90,89,88,87,86,85#F
90 89 88 87 86#91,90,89,88,87,86#T
91 90 89 88 86#91,90,89,88,87,86#F
91 90 89 88 87#92,91,90,89,88,87#T
92 91 90 89 87#92,91,90,89,88,87#F
92 91 90 89 88#93,92,91,90,89,88#T
93 92 90 89 88#93,92,91,90,89,88#F
93 92 91 90 89#94,93,92,91,90,89#T
94 93 91 90 89#94,93,92,91,90,89#F
94 93 92 91 90#95,94,93,92,91,90#T
95 94 93 92 90#95,94,93,92,91,90#F
95 94 93 92 91#96,95,94,93,92,91#T
96 95 94 93 91#96,95,94,93,92,91#F
96 95 94 93 92#97,96,95,94,93,92#T
97 96 95 94 92#97,96,95,94,93,92#F
97 96 95 94 93#98,97,96,95,94,93#T
98 96 95 94 93#98,97,96,95,94,93#F
98 97 96 95 94#99,98,97,96,95,94#T
99 98 97 96 94#99,98,97,96,95,94#F
99 98 97 96 95#100,99,98,97,96,95#T
100 98 97 96 95#100,99,98,97,96,95#F

