//terug
24 23 22 20#24,23,22,21,20#21
25 23 22 21#25,24,23,22,21#24
26 24 23 22#26,25,24,23,22#25
27 26 25 23#27,26,25,24,23#24
28 27 25 24#28,27,26,25,24#26
29 28 26 25#29,28,27,26,25#27
30 28 27 26#30,29,28,27,26#29
31 30 28 27#31,30,29,28,27#29
32 31 29 28#32,31,30,29,28#30
33 32 30 29#33,32,31,30,29#31
34 33 32 30#34,33,32,31,30#31
35 33 32 31#35,34,33,32,31#34
36 35 34 32#36,35,34,33,32#33
37 36 34 33#37,36,35,34,33#35
38 37 35 34#38,37,36,35,34#36
39 37 36 35#39,38,37,36,35#38
40 39 38 36#40,39,38,37,36#37
41 40 38 37#41,40,39,38,37#39
42 41 40 38#42,41,40,39,38#39
43 42 41 39#43,42,41,40,39#40
44 42 41 40#44,43,42,41,40#43
45 43 42 41#45,44,43,42,41#44
46 44 43 42#46,45,44,43,42#45
47 46 44 43#47,46,45,44,43#45
48 47 45 44#48,47,46,45,44#46
49 48 46 45#49,48,47,46,45#47
50 49 47 46#50,49,48,47,46#48
51 50 49 47#51,50,49,48,47#48
52 51 49 48#52,51,50,49,48#50
53 52 51 49#53,52,51,50,49#50
54 52 51 50#54,53,52,51,50#53
55 54 53 51#55,54,53,52,51#52
56 55 53 52#56,55,54,53,52#54
57 56 54 53#57,56,55,54,53#55
58 56 55 54#58,57,56,55,54#57
59 57 56 55#59,58,57,56,55#58
60 59 58 56#60,59,58,57,56#57
61 60 59 57#61,60,59,58,57#58
62 60 59 58#62,61,60,59,58#61
63 62 61 59#63,62,61,60,59#60
64 63 61 60#64,63,62,61,60#62
65 64 63 61#65,64,63,62,61#62
66 65 64 62#66,65,64,63,62#63
67 66 65 63#67,66,65,64,63#64
68 67 66 64#68,67,66,65,64#65
69 67 66 65#69,68,67,66,65#68
70 68 67 66#70,69,68,67,66#69
71 69 68 67#71,70,69,68,67#70
72 70 69 68#72,71,70,69,68#71
73 71 70 69#73,72,71,70,69#72
74 72 71 70#74,73,72,71,70#73
75 73 72 71#75,74,73,72,71#74
76 75 73 72#76,75,74,73,72#74
77 75 74 73#77,76,75,74,73#76
78 77 76 74#78,77,76,75,74#75
79 77 76 75#79,78,77,76,75#78
80 79 77 76#80,79,78,77,76#78
81 79 78 77#81,80,79,78,77#80
82 81 80 78#82,81,80,79,78#79
83 82 81 79#83,82,81,80,79#80
84 82 81 80#84,83,82,81,80#83
85 83 82 81#85,84,83,82,81#84
86 85 84 82#86,85,84,83,82#83
87 86 84 83#87,86,85,84,83#85
88 86 85 84#88,87,86,85,84#87
89 88 87 85#89,88,87,86,85#86
90 89 87 86#90,89,88,87,86#88
91 90 89 87#91,90,89,88,87#88
92 90 89 88#92,91,90,89,88#91
93 92 90 89#93,92,91,90,89#91
94 92 91 90#94,93,92,91,90#93
95 94 93 91#95,94,93,92,91#92
96 94 93 92#96,95,94,93,92#95
97 96 94 93#97,96,95,94,93#95
98 97 95 94#98,97,96,95,94#96
99 97 96 95#99,98,97,96,95#98
100 98 97 96#100,99,98,97,96#99

