//terug
23 22 21 20#23,22,21,20,19#19
24 23 22 21#24,23,22,21,20#20
25 24 23 22#25,24,23,22,21#21
26 25 24 23#26,25,24,23,22#22
27 26 25 24#27,26,25,24,23#23
28 27 26 25#28,27,26,25,24#24
29 28 27 26#29,28,27,26,25#25
30 29 28 27#30,29,28,27,26#26
31 30 29 28#31,30,29,28,27#27
32 31 30 29#32,31,30,29,28#28
33 32 31 30#33,32,31,30,29#29
34 33 32 31#34,33,32,31,30#30
35 34 33 32#35,34,33,32,31#31
36 35 34 33#36,35,34,33,32#32
37 36 35 34#37,36,35,34,33#33
38 37 36 35#38,37,36,35,34#34
39 38 37 36#39,38,37,36,35#35
40 39 38 37#40,39,38,37,36#36
41 40 39 38#41,40,39,38,37#37
42 41 40 39#42,41,40,39,38#38
43 42 41 40#43,42,41,40,39#39
44 43 42 41#44,43,42,41,40#40
45 44 43 42#45,44,43,42,41#41
46 45 44 43#46,45,44,43,42#42
47 46 45 44#47,46,45,44,43#43
48 47 46 45#48,47,46,45,44#44
49 48 47 46#49,48,47,46,45#45
50 49 48 47#50,49,48,47,46#46
51 50 49 48#51,50,49,48,47#47
52 51 50 49#52,51,50,49,48#48
53 52 51 50#53,52,51,50,49#49
54 53 52 51#54,53,52,51,50#50
55 54 53 52#55,54,53,52,51#51
56 55 54 53#56,55,54,53,52#52
57 56 55 54#57,56,55,54,53#53
58 57 56 55#58,57,56,55,54#54
59 58 57 56#59,58,57,56,55#55
60 59 58 57#60,59,58,57,56#56
61 60 59 58#61,60,59,58,57#57
62 61 60 59#62,61,60,59,58#58
63 62 61 60#63,62,61,60,59#59
64 63 62 61#64,63,62,61,60#60
65 64 63 62#65,64,63,62,61#61
66 65 64 63#66,65,64,63,62#62
67 66 65 64#67,66,65,64,63#63
68 67 66 65#68,67,66,65,64#64
69 68 67 66#69,68,67,66,65#65
70 69 68 67#70,69,68,67,66#66
71 70 69 68#71,70,69,68,67#67
72 71 70 69#72,71,70,69,68#68
73 72 71 70#73,72,71,70,69#69
74 73 72 71#74,73,72,71,70#70
75 74 73 72#75,74,73,72,71#71
76 75 74 73#76,75,74,73,72#72
77 76 75 74#77,76,75,74,73#73
78 77 76 75#78,77,76,75,74#74
79 78 77 76#79,78,77,76,75#75
80 79 78 77#80,79,78,77,76#76
81 80 79 78#81,80,79,78,77#77
82 81 80 79#82,81,80,79,78#78
83 82 81 80#83,82,81,80,79#79
84 83 82 81#84,83,82,81,80#80
85 84 83 82#85,84,83,82,81#81
86 85 84 83#86,85,84,83,82#82
87 86 85 84#87,86,85,84,83#83
88 87 86 85#88,87,86,85,84#84
89 88 87 86#89,88,87,86,85#85
90 89 88 87#90,89,88,87,86#86
91 90 89 88#91,90,89,88,87#87
92 91 90 89#92,91,90,89,88#88
93 92 91 90#93,92,91,90,89#89
94 93 92 91#94,93,92,91,90#90
95 94 93 92#95,94,93,92,91#91
96 95 94 93#96,95,94,93,92#92
97 96 95 94#97,96,95,94,93#93
98 97 96 95#98,97,96,95,94#94
99 98 97 96#99,98,97,96,95#95
100 99 98 97#100,99,98,97,96#96

