//kloptderij.ps frm:5 spn:5 max:100 spr:3 stp:5
//klopt de rij heen/terug
//heen
//10 15 20 25#5,10,15,20,25#T
//5 10 20 25#5,10,15,20,25#F
//15 20 25 30#10,15,20,25,30#T
//10 15 20 30#10,15,20,25,30#F
//20 25 30 35#15,20,25,30,35#T
//15 20 30 35#15,20,25,30,35#F
25 30 35 40#20,25,30,35,40#T
20 30 35 40#20,25,30,35,40#F
30 35 40 45#25,30,35,40,45#T
25 30 35 45#25,30,35,40,45#F
35 40 45 50#30,35,40,45,50#T
30 35 45 50#30,35,40,45,50#F
40 45 50 55#35,40,45,50,55#T
35 40 45 55#35,40,45,50,55#F
45 50 55 60#40,45,50,55,60#T
40 50 55 60#40,45,50,55,60#F
50 55 60 65#45,50,55,60,65#T
45 50 55 65#45,50,55,60,65#F
55 60 65 70#50,55,60,65,70#T
50 55 65 70#50,55,60,65,70#F
60 65 70 75#55,60,65,70,75#T
55 65 70 75#55,60,65,70,75#F
65 70 75 80#60,65,70,75,80#T
60 65 75 80#60,65,70,75,80#F
70 75 80 85#65,70,75,80,85#T
65 70 75 85#65,70,75,80,85#F
75 80 85 90#70,75,80,85,90#T
70 75 85 90#70,75,80,85,90#F
80 85 90 95#75,80,85,90,95#T
75 80 90 95#75,80,85,90,95#F
85 90 95 100#80,85,90,95,100#T
80 85 90 100#80,85,90,95,100#F
//terug
//20 15 10 5#25,20,15,10,5#T
//25 20 10 5#25,20,15,10,5#F
//25 20 15 10#30,25,20,15,10#T
//30 25 15 10#30,25,20,15,10#F
//30 25 20 15#35,30,25,20,15#T
//35 30 25 15#35,30,25,20,15#F
35 30 25 20#40,35,30,25,20#T
40 30 25 20#40,35,30,25,20#F
40 35 30 25#45,40,35,30,25#T
45 40 30 25#45,40,35,30,25#F
45 40 35 30#50,45,40,35,30#T
50 45 40 30#50,45,40,35,30#F
50 45 40 35#55,50,45,40,35#T
55 45 40 35#55,50,45,40,35#F
55 50 45 40#60,55,50,45,40#T
60 50 45 40#60,55,50,45,40#F
60 55 50 45#65,60,55,50,45#T
65 55 50 45#65,60,55,50,45#F
65 60 55 50#70,65,60,55,50#T
70 65 55 50#70,65,60,55,50#F
70 65 60 55#75,70,65,60,55#T
75 70 60 55#75,70,65,60,55#F
75 70 65 60#80,75,70,65,60#T
80 70 65 60#80,75,70,65,60#F
80 75 70 65#85,80,75,70,65#T
85 75 70 65#85,80,75,70,65#F
85 80 75 70#90,85,80,75,70#T
90 85 80 70#90,85,80,75,70#F
90 85 80 75#95,90,85,80,75#T
95 90 85 75#95,90,85,80,75#F
95 90 85 80#100,95,90,85,80#T
100 95 85 80#100,95,90,85,80#F

//Saved to ..\output\kloptderij.txt
