//kloptderij.ps frm:2 spn:5 max:100 spr:3 stp:2
//klopt de rij heen/terug
//heen
//4 6 8 10#2,4,6,8,10#T
//2 4 6 10#2,4,6,8,10#F
//6 8 10 12#4,6,8,10,12#T
//4 8 10 12#4,6,8,10,12#F
//8 10 12 14#6,8,10,12,14#T
//6 8 10 14#6,8,10,12,14#F
//10 12 14 16#8,10,12,14,16#T
//8 10 12 16#8,10,12,14,16#F
//12 14 16 18#10,12,14,16,18#T
//10 14 16 18#10,12,14,16,18#F
//14 16 18 20#12,14,16,18,20#T
//12 14 16 20#12,14,16,18,20#F
//16 18 20 22#14,16,18,20,22#T
//14 16 20 22#14,16,18,20,22#F
//18 20 22 24#16,18,20,22,24#T
//16 20 22 24#16,18,20,22,24#F
//20 22 24 26#18,20,22,24,26#T
//18 20 22 26#18,20,22,24,26#F
22 24 26 28#20,22,24,26,28#T
20 24 26 28#20,22,24,26,28#F
24 26 28 30#22,24,26,28,30#T
22 26 28 30#22,24,26,28,30#F
26 28 30 32#24,26,28,30,32#T
24 26 30 32#24,26,28,30,32#F
28 30 32 34#26,28,30,32,34#T
26 30 32 34#26,28,30,32,34#F
30 32 34 36#28,30,32,34,36#T
28 30 34 36#28,30,32,34,36#F
32 34 36 38#30,32,34,36,38#T
30 34 36 38#30,32,34,36,38#F
34 36 38 40#32,34,36,38,40#T
32 36 38 40#32,34,36,38,40#F
36 38 40 42#34,36,38,40,42#T
34 36 40 42#34,36,38,40,42#F
38 40 42 44#36,38,40,42,44#T
36 38 42 44#36,38,40,42,44#F
40 42 44 46#38,40,42,44,46#T
38 40 44 46#38,40,42,44,46#F
42 44 46 48#40,42,44,46,48#T
40 42 46 48#40,42,44,46,48#F
44 46 48 50#42,44,46,48,50#T
42 46 48 50#42,44,46,48,50#F
46 48 50 52#44,46,48,50,52#T
44 48 50 52#44,46,48,50,52#F
48 50 52 54#46,48,50,52,54#T
46 48 52 54#46,48,50,52,54#F
50 52 54 56#48,50,52,54,56#T
48 50 52 56#48,50,52,54,56#F
52 54 56 58#50,52,54,56,58#T
50 54 56 58#50,52,54,56,58#F
54 56 58 60#52,54,56,58,60#T
52 54 56 60#52,54,56,58,60#F
56 58 60 62#54,56,58,60,62#T
54 58 60 62#54,56,58,60,62#F
58 60 62 64#56,58,60,62,64#T
56 58 60 64#56,58,60,62,64#F
60 62 64 66#58,60,62,64,66#T
58 60 64 66#58,60,62,64,66#F
62 64 66 68#60,62,64,66,68#T
60 64 66 68#60,62,64,66,68#F
64 66 68 70#62,64,66,68,70#T
62 64 66 70#62,64,66,68,70#F
66 68 70 72#64,66,68,70,72#T
64 66 68 72#64,66,68,70,72#F
68 70 72 74#66,68,70,72,74#T
66 70 72 74#66,68,70,72,74#F
70 72 74 76#68,70,72,74,76#T
68 72 74 76#68,70,72,74,76#F
72 74 76 78#70,72,74,76,78#T
70 74 76 78#70,72,74,76,78#F
74 76 78 80#72,74,76,78,80#T
72 76 78 80#72,74,76,78,80#F
76 78 80 82#74,76,78,80,82#T
74 76 80 82#74,76,78,80,82#F
78 80 82 84#76,78,80,82,84#T
76 80 82 84#76,78,80,82,84#F
80 82 84 86#78,80,82,84,86#T
78 82 84 86#78,80,82,84,86#F
82 84 86 88#80,82,84,86,88#T
80 82 84 88#80,82,84,86,88#F
84 86 88 90#82,84,86,88,90#T
82 84 86 90#82,84,86,88,90#F
86 88 90 92#84,86,88,90,92#T
84 88 90 92#84,86,88,90,92#F
88 90 92 94#86,88,90,92,94#T
86 88 92 94#86,88,90,92,94#F
90 92 94 96#88,90,92,94,96#T
88 90 92 96#88,90,92,94,96#F
92 94 96 98#90,92,94,96,98#T
90 92 94 98#90,92,94,96,98#F
94 96 98 100#92,94,96,98,100#T
92 96 98 100#92,94,96,98,100#F
//terug
//8 6 4 2#10,8,6,4,2#T
//10 8 4 2#10,8,6,4,2#F
//10 8 6 4#12,10,8,6,4#T
//12 10 6 4#12,10,8,6,4#F
//12 10 8 6#14,12,10,8,6#T
//14 12 10 6#14,12,10,8,6#F
//14 12 10 8#16,14,12,10,8#T
//16 14 12 8#16,14,12,10,8#F
//16 14 12 10#18,16,14,12,10#T
//18 14 12 10#18,16,14,12,10#F
//18 16 14 12#20,18,16,14,12#T
//20 18 16 12#20,18,16,14,12#F
//20 18 16 14#22,20,18,16,14#T
//22 18 16 14#22,20,18,16,14#F
//22 20 18 16#24,22,20,18,16#T
//24 22 18 16#24,22,20,18,16#F
//24 22 20 18#26,24,22,20,18#T
//26 24 22 18#26,24,22,20,18#F
26 24 22 20#28,26,24,22,20#T
28 26 24 20#28,26,24,22,20#F
28 26 24 22#30,28,26,24,22#T
30 28 26 22#30,28,26,24,22#F
30 28 26 24#32,30,28,26,24#T
32 28 26 24#32,30,28,26,24#F
32 30 28 26#34,32,30,28,26#T
34 32 30 26#34,32,30,28,26#F
34 32 30 28#36,34,32,30,28#T
36 34 30 28#36,34,32,30,28#F
36 34 32 30#38,36,34,32,30#T
38 34 32 30#38,36,34,32,30#F
38 36 34 32#40,38,36,34,32#T
40 38 34 32#40,38,36,34,32#F
40 38 36 34#42,40,38,36,34#T
42 38 36 34#42,40,38,36,34#F
42 40 38 36#44,42,40,38,36#T
44 42 38 36#44,42,40,38,36#F
44 42 40 38#46,44,42,40,38#T
46 44 42 38#46,44,42,40,38#F
46 44 42 40#48,46,44,42,40#T
48 46 42 40#48,46,44,42,40#F
48 46 44 42#50,48,46,44,42#T
50 48 44 42#50,48,46,44,42#F
50 48 46 44#52,50,48,46,44#T
52 48 46 44#52,50,48,46,44#F
52 50 48 46#54,52,50,48,46#T
54 50 48 46#54,52,50,48,46#F
54 52 50 48#56,54,52,50,48#T
56 54 50 48#56,54,52,50,48#F
56 54 52 50#58,56,54,52,50#T
58 56 52 50#58,56,54,52,50#F
58 56 54 52#60,58,56,54,52#T
60 56 54 52#60,58,56,54,52#F
60 58 56 54#62,60,58,56,54#T
62 60 58 54#62,60,58,56,54#F
62 60 58 56#64,62,60,58,56#T
64 62 60 56#64,62,60,58,56#F
64 62 60 58#66,64,62,60,58#T
66 64 60 58#66,64,62,60,58#F
66 64 62 60#68,66,64,62,60#T
68 64 62 60#68,66,64,62,60#F
68 66 64 62#70,68,66,64,62#T
70 68 66 62#70,68,66,64,62#F
70 68 66 64#72,70,68,66,64#T
72 70 68 64#72,70,68,66,64#F
72 70 68 66#74,72,70,68,66#T
74 72 68 66#74,72,70,68,66#F
74 72 70 68#76,74,72,70,68#T
76 72 70 68#76,74,72,70,68#F
76 74 72 70#78,76,74,72,70#T
78 74 72 70#78,76,74,72,70#F
78 76 74 72#80,78,76,74,72#T
80 76 74 72#80,78,76,74,72#F
80 78 76 74#82,80,78,76,74#T
82 80 76 74#82,80,78,76,74#F
82 80 78 76#84,82,80,78,76#T
84 82 78 76#84,82,80,78,76#F
84 82 80 78#86,84,82,80,78#T
86 82 80 78#86,84,82,80,78#F
86 84 82 80#88,86,84,82,80#T
88 84 82 80#88,86,84,82,80#F
88 86 84 82#90,88,86,84,82#T
90 88 84 82#90,88,86,84,82#F
90 88 86 84#92,90,88,86,84#T
92 90 86 84#92,90,88,86,84#F
92 90 88 86#94,92,90,88,86#T
94 90 88 86#94,92,90,88,86#F
94 92 90 88#96,94,92,90,88#T
96 94 90 88#96,94,92,90,88#F
96 94 92 90#98,96,94,92,90#T
98 94 92 90#98,96,94,92,90#F
98 96 94 92#100,98,96,94,92#T
100 96 94 92#100,98,96,94,92#F

//Saved to ..\output\kloptderij.txt
