//11_2_plaats_getallenlijn_benader.ps
//11_2_plaats_getallenlijn_benader.ps from: 1 span: 10 maxanswer: 20 spreiding: 3 step: 1
1#1,2,3,4,5,6,7#1,2
2#1,2,3,4,5,6,7#1,2,3
3#1,2,3,4,5,6,7#2,3,4
4#1,2,3,4,5,6,7#3,4,5
5#1,2,3,4,5,6,7#4,5,6
6#1,2,3,4,5,6,7#5,6,7
7#1,2,3,4,5,6,7#6,7


2#2,3,4,5,6,7,8#2,3
3#2,3,4,5,6,7,8#2,3,4
4#2,3,4,5,6,7,8#3,4,5
5#2,3,4,5,6,7,8#4,5,6
6#2,3,4,5,6,7,8#5,6,7
7#2,3,4,5,6,7,8#6,7,8
8#2,3,4,5,6,7,8#7,8


3#3,4,5,6,7,8,9#3,4
4#3,4,5,6,7,8,9#3,4,5
5#3,4,5,6,7,8,9#4,5,6
6#3,4,5,6,7,8,9#5,6,7
7#3,4,5,6,7,8,9#6,7,8
8#3,4,5,6,7,8,9#7,8,9
9#3,4,5,6,7,8,9#8,9


4#4,5,6,7,8,9,10#4,5
5#4,5,6,7,8,9,10#4,5,6
6#4,5,6,7,8,9,10#5,6,7
7#4,5,6,7,8,9,10#6,7,8
8#4,5,6,7,8,9,10#7,8,9
9#4,5,6,7,8,9,10#8,9,10
10#4,5,6,7,8,9,10#9,10


