//1_1tf_telrij_tellen_heen.ps
//1_1tf_telrij_tellen_heen.ps from: 10 span: 10 maxanswer: -1 spreiding: -1 step: -1
10 11 12 13##T
10 12 13 14##F
10 11 12 13##T
10 11 13 14##F
10 11 12 13##T
10 11 12 14##F
11 12 13 14##T
11 13 14 15##F
11 12 13 14##T
11 12 14 15##F
11 12 13 14##T
11 12 13 15##F
12 13 14 15##T
12 14 15 16##F
12 13 14 15##T
12 13 15 16##F
12 13 14 15##T
12 13 14 16##F
13 14 15 16##T
13 15 16 17##F
13 14 15 16##T
13 14 16 17##F
13 14 15 16##T
13 14 15 17##F
14 15 16 17##T
14 16 17 18##F
14 15 16 17##T
14 15 17 18##F
14 15 16 17##T
14 15 16 18##F
15 16 17 18##T
15 17 18 19##F
15 16 17 18##T
15 16 18 19##F
15 16 17 18##T
15 16 17 19##F
