//1_1tf_telrij_tellen_heen.ps
//1_1tf_telrij_tellen_heen.ps from: 1 span: 10 maxanswer: -1 spreiding: 100 step: -1
1 2 3 4##T
1 3 4 5##F
1 2 3 4##T
1 2 4 5##F
1 2 3 4##T
1 2 3 5##F
2 3 4 5##T
2 4 5 6##F
2 3 4 5##T
2 3 5 6##F
2 3 4 5##T
2 3 4 6##F
3 4 5 6##T
3 5 6 7##F
3 4 5 6##T
3 4 6 7##F
3 4 5 6##T
3 4 5 7##F
4 5 6 7##T
4 6 7 8##F
4 5 6 7##T
4 5 7 8##F
4 5 6 7##T
4 5 6 8##F
5 6 7 8##T
5 7 8 9##F
5 6 7 8##T
5 6 8 9##F
5 6 7 8##T
5 6 7 9##F
6 7 8 9##T
6 8 9 10##F
6 7 8 9##T
6 7 9 10##F
6 7 8 9##T
6 7 8 10##F
2 3 4 5##T
2 4 5 6##F
2 3 4 5##T
2 3 5 6##F
2 3 4 5##T
2 3 4 6##F
3 4 5 6##T
3 5 6 7##F
3 4 5 6##T
3 4 6 7##F
3 4 5 6##T
3 4 5 7##F
4 5 6 7##T
4 6 7 8##F
4 5 6 7##T
4 5 7 8##F
4 5 6 7##T
4 5 6 8##F
5 6 7 8##T
5 7 8 9##F
5 6 7 8##T
5 6 8 9##F
5 6 7 8##T
5 6 7 9##F
6 7 8 9##T
6 8 9 10##F
6 7 8 9##T
6 7 9 10##F
6 7 8 9##T
6 7 8 10##F
7 8 9 10##T
7 9 10 11##F
7 8 9 10##T
7 8 10 11##F
7 8 9 10##T
7 8 9 11##F
3 4 5 6##T
3 5 6 7##F
3 4 5 6##T
3 4 6 7##F
3 4 5 6##T
3 4 5 7##F
4 5 6 7##T
4 6 7 8##F
4 5 6 7##T
4 5 7 8##F
4 5 6 7##T
4 5 6 8##F
5 6 7 8##T
5 7 8 9##F
5 6 7 8##T
5 6 8 9##F
5 6 7 8##T
5 6 7 9##F
6 7 8 9##T
6 8 9 10##F
6 7 8 9##T
6 7 9 10##F
6 7 8 9##T
6 7 8 10##F
7 8 9 10##T
7 9 10 11##F
7 8 9 10##T
7 8 10 11##F
7 8 9 10##T
7 8 9 11##F
8 9 10 11##T
8 10 11 12##F
8 9 10 11##T
8 9 11 12##F
8 9 10 11##T
8 9 10 12##F
4 5 6 7##T
4 6 7 8##F
4 5 6 7##T
4 5 7 8##F
4 5 6 7##T
4 5 6 8##F
5 6 7 8##T
5 7 8 9##F
5 6 7 8##T
5 6 8 9##F
5 6 7 8##T
5 6 7 9##F
6 7 8 9##T
6 8 9 10##F
6 7 8 9##T
6 7 9 10##F
6 7 8 9##T
6 7 8 10##F
7 8 9 10##T
7 9 10 11##F
7 8 9 10##T
7 8 10 11##F
7 8 9 10##T
7 8 9 11##F
8 9 10 11##T
8 10 11 12##F
8 9 10 11##T
8 9 11 12##F
8 9 10 11##T
8 9 10 12##F
9 10 11 12##T
9 11 12 13##F
9 10 11 12##T
9 10 12 13##F
9 10 11 12##T
9 10 11 13##F
5 6 7 8##T
5 7 8 9##F
5 6 7 8##T
5 6 8 9##F
5 6 7 8##T
5 6 7 9##F
6 7 8 9##T
6 8 9 10##F
6 7 8 9##T
6 7 9 10##F
6 7 8 9##T
6 7 8 10##F
7 8 9 10##T
7 9 10 11##F
7 8 9 10##T
7 8 10 11##F
7 8 9 10##T
7 8 9 11##F
8 9 10 11##T
8 10 11 12##F
8 9 10 11##T
8 9 11 12##F
8 9 10 11##T
8 9 10 12##F
9 10 11 12##T
9 11 12 13##F
9 10 11 12##T
9 10 12 13##F
9 10 11 12##T
9 10 11 13##F
10 11 12 13##T
10 12 13 14##F
10 11 12 13##T
10 11 13 14##F
10 11 12 13##T
10 11 12 14##F
6 7 8 9##T
6 8 9 10##F
6 7 8 9##T
6 7 9 10##F
6 7 8 9##T
6 7 8 10##F
7 8 9 10##T
7 9 10 11##F
7 8 9 10##T
7 8 10 11##F
7 8 9 10##T
7 8 9 11##F
8 9 10 11##T
8 10 11 12##F
8 9 10 11##T
8 9 11 12##F
8 9 10 11##T
8 9 10 12##F
9 10 11 12##T
9 11 12 13##F
9 10 11 12##T
9 10 12 13##F
9 10 11 12##T
9 10 11 13##F
10 11 12 13##T
10 12 13 14##F
10 11 12 13##T
10 11 13 14##F
10 11 12 13##T
10 11 12 14##F
11 12 13 14##T
11 13 14 15##F
11 12 13 14##T
11 12 14 15##F
11 12 13 14##T
11 12 13 15##F
7 8 9 10##T
7 9 10 11##F
7 8 9 10##T
7 8 10 11##F
7 8 9 10##T
7 8 9 11##F
8 9 10 11##T
8 10 11 12##F
8 9 10 11##T
8 9 11 12##F
8 9 10 11##T
8 9 10 12##F
9 10 11 12##T
9 11 12 13##F
9 10 11 12##T
9 10 12 13##F
9 10 11 12##T
9 10 11 13##F
10 11 12 13##T
10 12 13 14##F
10 11 12 13##T
10 11 13 14##F
10 11 12 13##T
10 11 12 14##F
11 12 13 14##T
11 13 14 15##F
11 12 13 14##T
11 12 14 15##F
11 12 13 14##T
11 12 13 15##F
12 13 14 15##T
12 14 15 16##F
12 13 14 15##T
12 13 15 16##F
12 13 14 15##T
12 13 14 16##F
8 9 10 11##T
8 10 11 12##F
8 9 10 11##T
8 9 11 12##F
8 9 10 11##T
8 9 10 12##F
9 10 11 12##T
9 11 12 13##F
9 10 11 12##T
9 10 12 13##F
9 10 11 12##T
9 10 11 13##F
10 11 12 13##T
10 12 13 14##F
10 11 12 13##T
10 11 13 14##F
10 11 12 13##T
10 11 12 14##F
11 12 13 14##T
11 13 14 15##F
11 12 13 14##T
11 12 14 15##F
11 12 13 14##T
11 12 13 15##F
12 13 14 15##T
12 14 15 16##F
12 13 14 15##T
12 13 15 16##F
12 13 14 15##T
12 13 14 16##F
13 14 15 16##T
13 15 16 17##F
13 14 15 16##T
13 14 16 17##F
13 14 15 16##T
13 14 15 17##F
9 10 11 12##T
9 11 12 13##F
9 10 11 12##T
9 10 12 13##F
9 10 11 12##T
9 10 11 13##F
10 11 12 13##T
10 12 13 14##F
10 11 12 13##T
10 11 13 14##F
10 11 12 13##T
10 11 12 14##F
11 12 13 14##T
11 13 14 15##F
11 12 13 14##T
11 12 14 15##F
11 12 13 14##T
11 12 13 15##F
12 13 14 15##T
12 14 15 16##F
12 13 14 15##T
12 13 15 16##F
12 13 14 15##T
12 13 14 16##F
13 14 15 16##T
13 15 16 17##F
13 14 15 16##T
13 14 16 17##F
13 14 15 16##T
13 14 15 17##F
14 15 16 17##T
14 16 17 18##F
14 15 16 17##T
14 15 17 18##F
14 15 16 17##T
14 15 16 18##F
10 11 12 13##T
10 12 13 14##F
10 11 12 13##T
10 11 13 14##F
10 11 12 13##T
10 11 12 14##F
11 12 13 14##T
11 13 14 15##F
11 12 13 14##T
11 12 14 15##F
11 12 13 14##T
11 12 13 15##F
12 13 14 15##T
12 14 15 16##F
12 13 14 15##T
12 13 15 16##F
12 13 14 15##T
12 13 14 16##F
13 14 15 16##T
13 15 16 17##F
13 14 15 16##T
13 14 16 17##F
13 14 15 16##T
13 14 15 17##F
14 15 16 17##T
14 16 17 18##F
14 15 16 17##T
14 15 17 18##F
14 15 16 17##T
14 15 16 18##F
15 16 17 18##T
15 17 18 19##F
15 16 17 18##T
15 16 18 19##F
15 16 17 18##T
15 16 17 19##F
11 12 13 14##T
11 13 14 15##F
11 12 13 14##T
11 12 14 15##F
11 12 13 14##T
11 12 13 15##F
12 13 14 15##T
12 14 15 16##F
12 13 14 15##T
12 13 15 16##F
12 13 14 15##T
12 13 14 16##F
13 14 15 16##T
13 15 16 17##F
13 14 15 16##T
13 14 16 17##F
13 14 15 16##T
13 14 15 17##F
14 15 16 17##T
14 16 17 18##F
14 15 16 17##T
14 15 17 18##F
14 15 16 17##T
14 15 16 18##F
15 16 17 18##T
15 17 18 19##F
15 16 17 18##T
15 16 18 19##F
15 16 17 18##T
15 16 17 19##F
16 17 18 19##T
16 18 19 20##F
16 17 18 19##T
16 17 19 20##F
16 17 18 19##T
16 17 18 20##F
12 13 14 15##T
12 14 15 16##F
12 13 14 15##T
12 13 15 16##F
12 13 14 15##T
12 13 14 16##F
13 14 15 16##T
13 15 16 17##F
13 14 15 16##T
13 14 16 17##F
13 14 15 16##T
13 14 15 17##F
14 15 16 17##T
14 16 17 18##F
14 15 16 17##T
14 15 17 18##F
14 15 16 17##T
14 15 16 18##F
15 16 17 18##T
15 17 18 19##F
15 16 17 18##T
15 16 18 19##F
15 16 17 18##T
15 16 17 19##F
16 17 18 19##T
16 18 19 20##F
16 17 18 19##T
16 17 19 20##F
16 17 18 19##T
16 17 18 20##F
17 18 19 20##T
17 19 20 21##F
17 18 19 20##T
17 18 20 21##F
17 18 19 20##T
17 18 19 21##F
13 14 15 16##T
13 15 16 17##F
13 14 15 16##T
13 14 16 17##F
13 14 15 16##T
13 14 15 17##F
14 15 16 17##T
14 16 17 18##F
14 15 16 17##T
14 15 17 18##F
14 15 16 17##T
14 15 16 18##F
15 16 17 18##T
15 17 18 19##F
15 16 17 18##T
15 16 18 19##F
15 16 17 18##T
15 16 17 19##F
16 17 18 19##T
16 18 19 20##F
16 17 18 19##T
16 17 19 20##F
16 17 18 19##T
16 17 18 20##F
17 18 19 20##T
17 19 20 21##F
17 18 19 20##T
17 18 20 21##F
17 18 19 20##T
17 18 19 21##F
18 19 20 21##T
18 20 21 22##F
18 19 20 21##T
18 19 21 22##F
18 19 20 21##T
18 19 20 22##F
14 15 16 17##T
14 16 17 18##F
14 15 16 17##T
14 15 17 18##F
14 15 16 17##T
14 15 16 18##F
15 16 17 18##T
15 17 18 19##F
15 16 17 18##T
15 16 18 19##F
15 16 17 18##T
15 16 17 19##F
16 17 18 19##T
16 18 19 20##F
16 17 18 19##T
16 17 19 20##F
16 17 18 19##T
16 17 18 20##F
17 18 19 20##T
17 19 20 21##F
17 18 19 20##T
17 18 20 21##F
17 18 19 20##T
17 18 19 21##F
18 19 20 21##T
18 20 21 22##F
18 19 20 21##T
18 19 21 22##F
18 19 20 21##T
18 19 20 22##F
19 20 21 22##T
19 21 22 23##F
19 20 21 22##T
19 20 22 23##F
19 20 21 22##T
19 20 21 23##F
15 16 17 18##T
15 17 18 19##F
15 16 17 18##T
15 16 18 19##F
15 16 17 18##T
15 16 17 19##F
16 17 18 19##T
16 18 19 20##F
16 17 18 19##T
16 17 19 20##F
16 17 18 19##T
16 17 18 20##F
17 18 19 20##T
17 19 20 21##F
17 18 19 20##T
17 18 20 21##F
17 18 19 20##T
17 18 19 21##F
18 19 20 21##T
18 20 21 22##F
18 19 20 21##T
18 19 21 22##F
18 19 20 21##T
18 19 20 22##F
19 20 21 22##T
19 21 22 23##F
19 20 21 22##T
19 20 22 23##F
19 20 21 22##T
19 20 21 23##F
20 21 22 23##T
20 22 23 24##F
20 21 22 23##T
20 21 23 24##F
20 21 22 23##T
20 21 22 24##F
16 17 18 19##T
16 18 19 20##F
16 17 18 19##T
16 17 19 20##F
16 17 18 19##T
16 17 18 20##F
17 18 19 20##T
17 19 20 21##F
17 18 19 20##T
17 18 20 21##F
17 18 19 20##T
17 18 19 21##F
18 19 20 21##T
18 20 21 22##F
18 19 20 21##T
18 19 21 22##F
18 19 20 21##T
18 19 20 22##F
19 20 21 22##T
19 21 22 23##F
19 20 21 22##T
19 20 22 23##F
19 20 21 22##T
19 20 21 23##F
20 21 22 23##T
20 22 23 24##F
20 21 22 23##T
20 21 23 24##F
20 21 22 23##T
20 21 22 24##F
21 22 23 24##T
21 23 24 25##F
21 22 23 24##T
21 22 24 25##F
21 22 23 24##T
21 22 23 25##F
17 18 19 20##T
17 19 20 21##F
17 18 19 20##T
17 18 20 21##F
17 18 19 20##T
17 18 19 21##F
18 19 20 21##T
18 20 21 22##F
18 19 20 21##T
18 19 21 22##F
18 19 20 21##T
18 19 20 22##F
19 20 21 22##T
19 21 22 23##F
19 20 21 22##T
19 20 22 23##F
19 20 21 22##T
19 20 21 23##F
20 21 22 23##T
20 22 23 24##F
20 21 22 23##T
20 21 23 24##F
20 21 22 23##T
20 21 22 24##F
21 22 23 24##T
21 23 24 25##F
21 22 23 24##T
21 22 24 25##F
21 22 23 24##T
21 22 23 25##F
22 23 24 25##T
22 24 25 26##F
22 23 24 25##T
22 23 25 26##F
22 23 24 25##T
22 23 24 26##F
18 19 20 21##T
18 20 21 22##F
18 19 20 21##T
18 19 21 22##F
18 19 20 21##T
18 19 20 22##F
19 20 21 22##T
19 21 22 23##F
19 20 21 22##T
19 20 22 23##F
19 20 21 22##T
19 20 21 23##F
20 21 22 23##T
20 22 23 24##F
20 21 22 23##T
20 21 23 24##F
20 21 22 23##T
20 21 22 24##F
21 22 23 24##T
21 23 24 25##F
21 22 23 24##T
21 22 24 25##F
21 22 23 24##T
21 22 23 25##F
22 23 24 25##T
22 24 25 26##F
22 23 24 25##T
22 23 25 26##F
22 23 24 25##T
22 23 24 26##F
23 24 25 26##T
23 25 26 27##F
23 24 25 26##T
23 24 26 27##F
23 24 25 26##T
23 24 25 27##F
19 20 21 22##T
19 21 22 23##F
19 20 21 22##T
19 20 22 23##F
19 20 21 22##T
19 20 21 23##F
20 21 22 23##T
20 22 23 24##F
20 21 22 23##T
20 21 23 24##F
20 21 22 23##T
20 21 22 24##F
21 22 23 24##T
21 23 24 25##F
21 22 23 24##T
21 22 24 25##F
21 22 23 24##T
21 22 23 25##F
22 23 24 25##T
22 24 25 26##F
22 23 24 25##T
22 23 25 26##F
22 23 24 25##T
22 23 24 26##F
23 24 25 26##T
23 25 26 27##F
23 24 25 26##T
23 24 26 27##F
23 24 25 26##T
23 24 25 27##F
24 25 26 27##T
24 26 27 28##F
24 25 26 27##T
24 25 27 28##F
24 25 26 27##T
24 25 26 28##F
20 21 22 23##T
20 22 23 24##F
20 21 22 23##T
20 21 23 24##F
20 21 22 23##T
20 21 22 24##F
21 22 23 24##T
21 23 24 25##F
21 22 23 24##T
21 22 24 25##F
21 22 23 24##T
21 22 23 25##F
22 23 24 25##T
22 24 25 26##F
22 23 24 25##T
22 23 25 26##F
22 23 24 25##T
22 23 24 26##F
23 24 25 26##T
23 25 26 27##F
23 24 25 26##T
23 24 26 27##F
23 24 25 26##T
23 24 25 27##F
24 25 26 27##T
24 26 27 28##F
24 25 26 27##T
24 25 27 28##F
24 25 26 27##T
24 25 26 28##F
25 26 27 28##T
25 27 28 29##F
25 26 27 28##T
25 26 28 29##F
25 26 27 28##T
25 26 27 29##F
21 22 23 24##T
21 23 24 25##F
21 22 23 24##T
21 22 24 25##F
21 22 23 24##T
21 22 23 25##F
22 23 24 25##T
22 24 25 26##F
22 23 24 25##T
22 23 25 26##F
22 23 24 25##T
22 23 24 26##F
23 24 25 26##T
23 25 26 27##F
23 24 25 26##T
23 24 26 27##F
23 24 25 26##T
23 24 25 27##F
24 25 26 27##T
24 26 27 28##F
24 25 26 27##T
24 25 27 28##F
24 25 26 27##T
24 25 26 28##F
25 26 27 28##T
25 27 28 29##F
25 26 27 28##T
25 26 28 29##F
25 26 27 28##T
25 26 27 29##F
26 27 28 29##T
26 28 29 30##F
26 27 28 29##T
26 27 29 30##F
26 27 28 29##T
26 27 28 30##F
22 23 24 25##T
22 24 25 26##F
22 23 24 25##T
22 23 25 26##F
22 23 24 25##T
22 23 24 26##F
23 24 25 26##T
23 25 26 27##F
23 24 25 26##T
23 24 26 27##F
23 24 25 26##T
23 24 25 27##F
24 25 26 27##T
24 26 27 28##F
24 25 26 27##T
24 25 27 28##F
24 25 26 27##T
24 25 26 28##F
25 26 27 28##T
25 27 28 29##F
25 26 27 28##T
25 26 28 29##F
25 26 27 28##T
25 26 27 29##F
26 27 28 29##T
26 28 29 30##F
26 27 28 29##T
26 27 29 30##F
26 27 28 29##T
26 27 28 30##F
27 28 29 30##T
27 29 30 31##F
27 28 29 30##T
27 28 30 31##F
27 28 29 30##T
27 28 29 31##F
23 24 25 26##T
23 25 26 27##F
23 24 25 26##T
23 24 26 27##F
23 24 25 26##T
23 24 25 27##F
24 25 26 27##T
24 26 27 28##F
24 25 26 27##T
24 25 27 28##F
24 25 26 27##T
24 25 26 28##F
25 26 27 28##T
25 27 28 29##F
25 26 27 28##T
25 26 28 29##F
25 26 27 28##T
25 26 27 29##F
26 27 28 29##T
26 28 29 30##F
26 27 28 29##T
26 27 29 30##F
26 27 28 29##T
26 27 28 30##F
27 28 29 30##T
27 29 30 31##F
27 28 29 30##T
27 28 30 31##F
27 28 29 30##T
27 28 29 31##F
28 29 30 31##T
28 30 31 32##F
28 29 30 31##T
28 29 31 32##F
28 29 30 31##T
28 29 30 32##F
24 25 26 27##T
24 26 27 28##F
24 25 26 27##T
24 25 27 28##F
24 25 26 27##T
24 25 26 28##F
25 26 27 28##T
25 27 28 29##F
25 26 27 28##T
25 26 28 29##F
25 26 27 28##T
25 26 27 29##F
26 27 28 29##T
26 28 29 30##F
26 27 28 29##T
26 27 29 30##F
26 27 28 29##T
26 27 28 30##F
27 28 29 30##T
27 29 30 31##F
27 28 29 30##T
27 28 30 31##F
27 28 29 30##T
27 28 29 31##F
28 29 30 31##T
28 30 31 32##F
28 29 30 31##T
28 29 31 32##F
28 29 30 31##T
28 29 30 32##F
29 30 31 32##T
29 31 32 33##F
29 30 31 32##T
29 30 32 33##F
29 30 31 32##T
29 30 31 33##F
25 26 27 28##T
25 27 28 29##F
25 26 27 28##T
25 26 28 29##F
25 26 27 28##T
25 26 27 29##F
26 27 28 29##T
26 28 29 30##F
26 27 28 29##T
26 27 29 30##F
26 27 28 29##T
26 27 28 30##F
27 28 29 30##T
27 29 30 31##F
27 28 29 30##T
27 28 30 31##F
27 28 29 30##T
27 28 29 31##F
28 29 30 31##T
28 30 31 32##F
28 29 30 31##T
28 29 31 32##F
28 29 30 31##T
28 29 30 32##F
29 30 31 32##T
29 31 32 33##F
29 30 31 32##T
29 30 32 33##F
29 30 31 32##T
29 30 31 33##F
30 31 32 33##T
30 32 33 34##F
30 31 32 33##T
30 31 33 34##F
30 31 32 33##T
30 31 32 34##F
26 27 28 29##T
26 28 29 30##F
26 27 28 29##T
26 27 29 30##F
26 27 28 29##T
26 27 28 30##F
27 28 29 30##T
27 29 30 31##F
27 28 29 30##T
27 28 30 31##F
27 28 29 30##T
27 28 29 31##F
28 29 30 31##T
28 30 31 32##F
28 29 30 31##T
28 29 31 32##F
28 29 30 31##T
28 29 30 32##F
29 30 31 32##T
29 31 32 33##F
29 30 31 32##T
29 30 32 33##F
29 30 31 32##T
29 30 31 33##F
30 31 32 33##T
30 32 33 34##F
30 31 32 33##T
30 31 33 34##F
30 31 32 33##T
30 31 32 34##F
31 32 33 34##T
31 33 34 35##F
31 32 33 34##T
31 32 34 35##F
31 32 33 34##T
31 32 33 35##F
27 28 29 30##T
27 29 30 31##F
27 28 29 30##T
27 28 30 31##F
27 28 29 30##T
27 28 29 31##F
28 29 30 31##T
28 30 31 32##F
28 29 30 31##T
28 29 31 32##F
28 29 30 31##T
28 29 30 32##F
29 30 31 32##T
29 31 32 33##F
29 30 31 32##T
29 30 32 33##F
29 30 31 32##T
29 30 31 33##F
30 31 32 33##T
30 32 33 34##F
30 31 32 33##T
30 31 33 34##F
30 31 32 33##T
30 31 32 34##F
31 32 33 34##T
31 33 34 35##F
31 32 33 34##T
31 32 34 35##F
31 32 33 34##T
31 32 33 35##F
32 33 34 35##T
32 34 35 36##F
32 33 34 35##T
32 33 35 36##F
32 33 34 35##T
32 33 34 36##F
28 29 30 31##T
28 30 31 32##F
28 29 30 31##T
28 29 31 32##F
28 29 30 31##T
28 29 30 32##F
29 30 31 32##T
29 31 32 33##F
29 30 31 32##T
29 30 32 33##F
29 30 31 32##T
29 30 31 33##F
30 31 32 33##T
30 32 33 34##F
30 31 32 33##T
30 31 33 34##F
30 31 32 33##T
30 31 32 34##F
31 32 33 34##T
31 33 34 35##F
31 32 33 34##T
31 32 34 35##F
31 32 33 34##T
31 32 33 35##F
32 33 34 35##T
32 34 35 36##F
32 33 34 35##T
32 33 35 36##F
32 33 34 35##T
32 33 34 36##F
33 34 35 36##T
33 35 36 37##F
33 34 35 36##T
33 34 36 37##F
33 34 35 36##T
33 34 35 37##F
29 30 31 32##T
29 31 32 33##F
29 30 31 32##T
29 30 32 33##F
29 30 31 32##T
29 30 31 33##F
30 31 32 33##T
30 32 33 34##F
30 31 32 33##T
30 31 33 34##F
30 31 32 33##T
30 31 32 34##F
31 32 33 34##T
31 33 34 35##F
31 32 33 34##T
31 32 34 35##F
31 32 33 34##T
31 32 33 35##F
32 33 34 35##T
32 34 35 36##F
32 33 34 35##T
32 33 35 36##F
32 33 34 35##T
32 33 34 36##F
33 34 35 36##T
33 35 36 37##F
33 34 35 36##T
33 34 36 37##F
33 34 35 36##T
33 34 35 37##F
34 35 36 37##T
34 36 37 38##F
34 35 36 37##T
34 35 37 38##F
34 35 36 37##T
34 35 36 38##F
30 31 32 33##T
30 32 33 34##F
30 31 32 33##T
30 31 33 34##F
30 31 32 33##T
30 31 32 34##F
31 32 33 34##T
31 33 34 35##F
31 32 33 34##T
31 32 34 35##F
31 32 33 34##T
31 32 33 35##F
32 33 34 35##T
32 34 35 36##F
32 33 34 35##T
32 33 35 36##F
32 33 34 35##T
32 33 34 36##F
33 34 35 36##T
33 35 36 37##F
33 34 35 36##T
33 34 36 37##F
33 34 35 36##T
33 34 35 37##F
34 35 36 37##T
34 36 37 38##F
34 35 36 37##T
34 35 37 38##F
34 35 36 37##T
34 35 36 38##F
35 36 37 38##T
35 37 38 39##F
35 36 37 38##T
35 36 38 39##F
35 36 37 38##T
35 36 37 39##F
31 32 33 34##T
31 33 34 35##F
31 32 33 34##T
31 32 34 35##F
31 32 33 34##T
31 32 33 35##F
32 33 34 35##T
32 34 35 36##F
32 33 34 35##T
32 33 35 36##F
32 33 34 35##T
32 33 34 36##F
33 34 35 36##T
33 35 36 37##F
33 34 35 36##T
33 34 36 37##F
33 34 35 36##T
33 34 35 37##F
34 35 36 37##T
34 36 37 38##F
34 35 36 37##T
34 35 37 38##F
34 35 36 37##T
34 35 36 38##F
35 36 37 38##T
35 37 38 39##F
35 36 37 38##T
35 36 38 39##F
35 36 37 38##T
35 36 37 39##F
36 37 38 39##T
36 38 39 40##F
36 37 38 39##T
36 37 39 40##F
36 37 38 39##T
36 37 38 40##F
32 33 34 35##T
32 34 35 36##F
32 33 34 35##T
32 33 35 36##F
32 33 34 35##T
32 33 34 36##F
33 34 35 36##T
33 35 36 37##F
33 34 35 36##T
33 34 36 37##F
33 34 35 36##T
33 34 35 37##F
34 35 36 37##T
34 36 37 38##F
34 35 36 37##T
34 35 37 38##F
34 35 36 37##T
34 35 36 38##F
35 36 37 38##T
35 37 38 39##F
35 36 37 38##T
35 36 38 39##F
35 36 37 38##T
35 36 37 39##F
36 37 38 39##T
36 38 39 40##F
36 37 38 39##T
36 37 39 40##F
36 37 38 39##T
36 37 38 40##F
37 38 39 40##T
37 39 40 41##F
37 38 39 40##T
37 38 40 41##F
37 38 39 40##T
37 38 39 41##F
33 34 35 36##T
33 35 36 37##F
33 34 35 36##T
33 34 36 37##F
33 34 35 36##T
33 34 35 37##F
34 35 36 37##T
34 36 37 38##F
34 35 36 37##T
34 35 37 38##F
34 35 36 37##T
34 35 36 38##F
35 36 37 38##T
35 37 38 39##F
35 36 37 38##T
35 36 38 39##F
35 36 37 38##T
35 36 37 39##F
36 37 38 39##T
36 38 39 40##F
36 37 38 39##T
36 37 39 40##F
36 37 38 39##T
36 37 38 40##F
37 38 39 40##T
37 39 40 41##F
37 38 39 40##T
37 38 40 41##F
37 38 39 40##T
37 38 39 41##F
38 39 40 41##T
38 40 41 42##F
38 39 40 41##T
38 39 41 42##F
38 39 40 41##T
38 39 40 42##F
34 35 36 37##T
34 36 37 38##F
34 35 36 37##T
34 35 37 38##F
34 35 36 37##T
34 35 36 38##F
35 36 37 38##T
35 37 38 39##F
35 36 37 38##T
35 36 38 39##F
35 36 37 38##T
35 36 37 39##F
36 37 38 39##T
36 38 39 40##F
36 37 38 39##T
36 37 39 40##F
36 37 38 39##T
36 37 38 40##F
37 38 39 40##T
37 39 40 41##F
37 38 39 40##T
37 38 40 41##F
37 38 39 40##T
37 38 39 41##F
38 39 40 41##T
38 40 41 42##F
38 39 40 41##T
38 39 41 42##F
38 39 40 41##T
38 39 40 42##F
39 40 41 42##T
39 41 42 43##F
39 40 41 42##T
39 40 42 43##F
39 40 41 42##T
39 40 41 43##F
35 36 37 38##T
35 37 38 39##F
35 36 37 38##T
35 36 38 39##F
35 36 37 38##T
35 36 37 39##F
36 37 38 39##T
36 38 39 40##F
36 37 38 39##T
36 37 39 40##F
36 37 38 39##T
36 37 38 40##F
37 38 39 40##T
37 39 40 41##F
37 38 39 40##T
37 38 40 41##F
37 38 39 40##T
37 38 39 41##F
38 39 40 41##T
38 40 41 42##F
38 39 40 41##T
38 39 41 42##F
38 39 40 41##T
38 39 40 42##F
39 40 41 42##T
39 41 42 43##F
39 40 41 42##T
39 40 42 43##F
39 40 41 42##T
39 40 41 43##F
40 41 42 43##T
40 42 43 44##F
40 41 42 43##T
40 41 43 44##F
40 41 42 43##T
40 41 42 44##F
36 37 38 39##T
36 38 39 40##F
36 37 38 39##T
36 37 39 40##F
36 37 38 39##T
36 37 38 40##F
37 38 39 40##T
37 39 40 41##F
37 38 39 40##T
37 38 40 41##F
37 38 39 40##T
37 38 39 41##F
38 39 40 41##T
38 40 41 42##F
38 39 40 41##T
38 39 41 42##F
38 39 40 41##T
38 39 40 42##F
39 40 41 42##T
39 41 42 43##F
39 40 41 42##T
39 40 42 43##F
39 40 41 42##T
39 40 41 43##F
40 41 42 43##T
40 42 43 44##F
40 41 42 43##T
40 41 43 44##F
40 41 42 43##T
40 41 42 44##F
41 42 43 44##T
41 43 44 45##F
41 42 43 44##T
41 42 44 45##F
41 42 43 44##T
41 42 43 45##F
37 38 39 40##T
37 39 40 41##F
37 38 39 40##T
37 38 40 41##F
37 38 39 40##T
37 38 39 41##F
38 39 40 41##T
38 40 41 42##F
38 39 40 41##T
38 39 41 42##F
38 39 40 41##T
38 39 40 42##F
39 40 41 42##T
39 41 42 43##F
39 40 41 42##T
39 40 42 43##F
39 40 41 42##T
39 40 41 43##F
40 41 42 43##T
40 42 43 44##F
40 41 42 43##T
40 41 43 44##F
40 41 42 43##T
40 41 42 44##F
41 42 43 44##T
41 43 44 45##F
41 42 43 44##T
41 42 44 45##F
41 42 43 44##T
41 42 43 45##F
42 43 44 45##T
42 44 45 46##F
42 43 44 45##T
42 43 45 46##F
42 43 44 45##T
42 43 44 46##F
38 39 40 41##T
38 40 41 42##F
38 39 40 41##T
38 39 41 42##F
38 39 40 41##T
38 39 40 42##F
39 40 41 42##T
39 41 42 43##F
39 40 41 42##T
39 40 42 43##F
39 40 41 42##T
39 40 41 43##F
40 41 42 43##T
40 42 43 44##F
40 41 42 43##T
40 41 43 44##F
40 41 42 43##T
40 41 42 44##F
41 42 43 44##T
41 43 44 45##F
41 42 43 44##T
41 42 44 45##F
41 42 43 44##T
41 42 43 45##F
42 43 44 45##T
42 44 45 46##F
42 43 44 45##T
42 43 45 46##F
42 43 44 45##T
42 43 44 46##F
43 44 45 46##T
43 45 46 47##F
43 44 45 46##T
43 44 46 47##F
43 44 45 46##T
43 44 45 47##F
39 40 41 42##T
39 41 42 43##F
39 40 41 42##T
39 40 42 43##F
39 40 41 42##T
39 40 41 43##F
40 41 42 43##T
40 42 43 44##F
40 41 42 43##T
40 41 43 44##F
40 41 42 43##T
40 41 42 44##F
41 42 43 44##T
41 43 44 45##F
41 42 43 44##T
41 42 44 45##F
41 42 43 44##T
41 42 43 45##F
42 43 44 45##T
42 44 45 46##F
42 43 44 45##T
42 43 45 46##F
42 43 44 45##T
42 43 44 46##F
43 44 45 46##T
43 45 46 47##F
43 44 45 46##T
43 44 46 47##F
43 44 45 46##T
43 44 45 47##F
44 45 46 47##T
44 46 47 48##F
44 45 46 47##T
44 45 47 48##F
44 45 46 47##T
44 45 46 48##F
40 41 42 43##T
40 42 43 44##F
40 41 42 43##T
40 41 43 44##F
40 41 42 43##T
40 41 42 44##F
41 42 43 44##T
41 43 44 45##F
41 42 43 44##T
41 42 44 45##F
41 42 43 44##T
41 42 43 45##F
42 43 44 45##T
42 44 45 46##F
42 43 44 45##T
42 43 45 46##F
42 43 44 45##T
42 43 44 46##F
43 44 45 46##T
43 45 46 47##F
43 44 45 46##T
43 44 46 47##F
43 44 45 46##T
43 44 45 47##F
44 45 46 47##T
44 46 47 48##F
44 45 46 47##T
44 45 47 48##F
44 45 46 47##T
44 45 46 48##F
45 46 47 48##T
45 47 48 49##F
45 46 47 48##T
45 46 48 49##F
45 46 47 48##T
45 46 47 49##F
41 42 43 44##T
41 43 44 45##F
41 42 43 44##T
41 42 44 45##F
41 42 43 44##T
41 42 43 45##F
42 43 44 45##T
42 44 45 46##F
42 43 44 45##T
42 43 45 46##F
42 43 44 45##T
42 43 44 46##F
43 44 45 46##T
43 45 46 47##F
43 44 45 46##T
43 44 46 47##F
43 44 45 46##T
43 44 45 47##F
44 45 46 47##T
44 46 47 48##F
44 45 46 47##T
44 45 47 48##F
44 45 46 47##T
44 45 46 48##F
45 46 47 48##T
45 47 48 49##F
45 46 47 48##T
45 46 48 49##F
45 46 47 48##T
45 46 47 49##F
46 47 48 49##T
46 48 49 50##F
46 47 48 49##T
46 47 49 50##F
46 47 48 49##T
46 47 48 50##F
42 43 44 45##T
42 44 45 46##F
42 43 44 45##T
42 43 45 46##F
42 43 44 45##T
42 43 44 46##F
43 44 45 46##T
43 45 46 47##F
43 44 45 46##T
43 44 46 47##F
43 44 45 46##T
43 44 45 47##F
44 45 46 47##T
44 46 47 48##F
44 45 46 47##T
44 45 47 48##F
44 45 46 47##T
44 45 46 48##F
45 46 47 48##T
45 47 48 49##F
45 46 47 48##T
45 46 48 49##F
45 46 47 48##T
45 46 47 49##F
46 47 48 49##T
46 48 49 50##F
46 47 48 49##T
46 47 49 50##F
46 47 48 49##T
46 47 48 50##F
47 48 49 50##T
47 49 50 51##F
47 48 49 50##T
47 48 50 51##F
47 48 49 50##T
47 48 49 51##F
43 44 45 46##T
43 45 46 47##F
43 44 45 46##T
43 44 46 47##F
43 44 45 46##T
43 44 45 47##F
44 45 46 47##T
44 46 47 48##F
44 45 46 47##T
44 45 47 48##F
44 45 46 47##T
44 45 46 48##F
45 46 47 48##T
45 47 48 49##F
45 46 47 48##T
45 46 48 49##F
45 46 47 48##T
45 46 47 49##F
46 47 48 49##T
46 48 49 50##F
46 47 48 49##T
46 47 49 50##F
46 47 48 49##T
46 47 48 50##F
47 48 49 50##T
47 49 50 51##F
47 48 49 50##T
47 48 50 51##F
47 48 49 50##T
47 48 49 51##F
48 49 50 51##T
48 50 51 52##F
48 49 50 51##T
48 49 51 52##F
48 49 50 51##T
48 49 50 52##F
44 45 46 47##T
44 46 47 48##F
44 45 46 47##T
44 45 47 48##F
44 45 46 47##T
44 45 46 48##F
45 46 47 48##T
45 47 48 49##F
45 46 47 48##T
45 46 48 49##F
45 46 47 48##T
45 46 47 49##F
46 47 48 49##T
46 48 49 50##F
46 47 48 49##T
46 47 49 50##F
46 47 48 49##T
46 47 48 50##F
47 48 49 50##T
47 49 50 51##F
47 48 49 50##T
47 48 50 51##F
47 48 49 50##T
47 48 49 51##F
48 49 50 51##T
48 50 51 52##F
48 49 50 51##T
48 49 51 52##F
48 49 50 51##T
48 49 50 52##F
49 50 51 52##T
49 51 52 53##F
49 50 51 52##T
49 50 52 53##F
49 50 51 52##T
49 50 51 53##F
45 46 47 48##T
45 47 48 49##F
45 46 47 48##T
45 46 48 49##F
45 46 47 48##T
45 46 47 49##F
46 47 48 49##T
46 48 49 50##F
46 47 48 49##T
46 47 49 50##F
46 47 48 49##T
46 47 48 50##F
47 48 49 50##T
47 49 50 51##F
47 48 49 50##T
47 48 50 51##F
47 48 49 50##T
47 48 49 51##F
48 49 50 51##T
48 50 51 52##F
48 49 50 51##T
48 49 51 52##F
48 49 50 51##T
48 49 50 52##F
49 50 51 52##T
49 51 52 53##F
49 50 51 52##T
49 50 52 53##F
49 50 51 52##T
49 50 51 53##F
50 51 52 53##T
50 52 53 54##F
50 51 52 53##T
50 51 53 54##F
50 51 52 53##T
50 51 52 54##F
46 47 48 49##T
46 48 49 50##F
46 47 48 49##T
46 47 49 50##F
46 47 48 49##T
46 47 48 50##F
47 48 49 50##T
47 49 50 51##F
47 48 49 50##T
47 48 50 51##F
47 48 49 50##T
47 48 49 51##F
48 49 50 51##T
48 50 51 52##F
48 49 50 51##T
48 49 51 52##F
48 49 50 51##T
48 49 50 52##F
49 50 51 52##T
49 51 52 53##F
49 50 51 52##T
49 50 52 53##F
49 50 51 52##T
49 50 51 53##F
50 51 52 53##T
50 52 53 54##F
50 51 52 53##T
50 51 53 54##F
50 51 52 53##T
50 51 52 54##F
51 52 53 54##T
51 53 54 55##F
51 52 53 54##T
51 52 54 55##F
51 52 53 54##T
51 52 53 55##F
47 48 49 50##T
47 49 50 51##F
47 48 49 50##T
47 48 50 51##F
47 48 49 50##T
47 48 49 51##F
48 49 50 51##T
48 50 51 52##F
48 49 50 51##T
48 49 51 52##F
48 49 50 51##T
48 49 50 52##F
49 50 51 52##T
49 51 52 53##F
49 50 51 52##T
49 50 52 53##F
49 50 51 52##T
49 50 51 53##F
50 51 52 53##T
50 52 53 54##F
50 51 52 53##T
50 51 53 54##F
50 51 52 53##T
50 51 52 54##F
51 52 53 54##T
51 53 54 55##F
51 52 53 54##T
51 52 54 55##F
51 52 53 54##T
51 52 53 55##F
52 53 54 55##T
52 54 55 56##F
52 53 54 55##T
52 53 55 56##F
52 53 54 55##T
52 53 54 56##F
48 49 50 51##T
48 50 51 52##F
48 49 50 51##T
48 49 51 52##F
48 49 50 51##T
48 49 50 52##F
49 50 51 52##T
49 51 52 53##F
49 50 51 52##T
49 50 52 53##F
49 50 51 52##T
49 50 51 53##F
50 51 52 53##T
50 52 53 54##F
50 51 52 53##T
50 51 53 54##F
50 51 52 53##T
50 51 52 54##F
51 52 53 54##T
51 53 54 55##F
51 52 53 54##T
51 52 54 55##F
51 52 53 54##T
51 52 53 55##F
52 53 54 55##T
52 54 55 56##F
52 53 54 55##T
52 53 55 56##F
52 53 54 55##T
52 53 54 56##F
53 54 55 56##T
53 55 56 57##F
53 54 55 56##T
53 54 56 57##F
53 54 55 56##T
53 54 55 57##F
49 50 51 52##T
49 51 52 53##F
49 50 51 52##T
49 50 52 53##F
49 50 51 52##T
49 50 51 53##F
50 51 52 53##T
50 52 53 54##F
50 51 52 53##T
50 51 53 54##F
50 51 52 53##T
50 51 52 54##F
51 52 53 54##T
51 53 54 55##F
51 52 53 54##T
51 52 54 55##F
51 52 53 54##T
51 52 53 55##F
52 53 54 55##T
52 54 55 56##F
52 53 54 55##T
52 53 55 56##F
52 53 54 55##T
52 53 54 56##F
53 54 55 56##T
53 55 56 57##F
53 54 55 56##T
53 54 56 57##F
53 54 55 56##T
53 54 55 57##F
54 55 56 57##T
54 56 57 58##F
54 55 56 57##T
54 55 57 58##F
54 55 56 57##T
54 55 56 58##F
50 51 52 53##T
50 52 53 54##F
50 51 52 53##T
50 51 53 54##F
50 51 52 53##T
50 51 52 54##F
51 52 53 54##T
51 53 54 55##F
51 52 53 54##T
51 52 54 55##F
51 52 53 54##T
51 52 53 55##F
52 53 54 55##T
52 54 55 56##F
52 53 54 55##T
52 53 55 56##F
52 53 54 55##T
52 53 54 56##F
53 54 55 56##T
53 55 56 57##F
53 54 55 56##T
53 54 56 57##F
53 54 55 56##T
53 54 55 57##F
54 55 56 57##T
54 56 57 58##F
54 55 56 57##T
54 55 57 58##F
54 55 56 57##T
54 55 56 58##F
55 56 57 58##T
55 57 58 59##F
55 56 57 58##T
55 56 58 59##F
55 56 57 58##T
55 56 57 59##F
51 52 53 54##T
51 53 54 55##F
51 52 53 54##T
51 52 54 55##F
51 52 53 54##T
51 52 53 55##F
52 53 54 55##T
52 54 55 56##F
52 53 54 55##T
52 53 55 56##F
52 53 54 55##T
52 53 54 56##F
53 54 55 56##T
53 55 56 57##F
53 54 55 56##T
53 54 56 57##F
53 54 55 56##T
53 54 55 57##F
54 55 56 57##T
54 56 57 58##F
54 55 56 57##T
54 55 57 58##F
54 55 56 57##T
54 55 56 58##F
55 56 57 58##T
55 57 58 59##F
55 56 57 58##T
55 56 58 59##F
55 56 57 58##T
55 56 57 59##F
56 57 58 59##T
56 58 59 60##F
56 57 58 59##T
56 57 59 60##F
56 57 58 59##T
56 57 58 60##F
52 53 54 55##T
52 54 55 56##F
52 53 54 55##T
52 53 55 56##F
52 53 54 55##T
52 53 54 56##F
53 54 55 56##T
53 55 56 57##F
53 54 55 56##T
53 54 56 57##F
53 54 55 56##T
53 54 55 57##F
54 55 56 57##T
54 56 57 58##F
54 55 56 57##T
54 55 57 58##F
54 55 56 57##T
54 55 56 58##F
55 56 57 58##T
55 57 58 59##F
55 56 57 58##T
55 56 58 59##F
55 56 57 58##T
55 56 57 59##F
56 57 58 59##T
56 58 59 60##F
56 57 58 59##T
56 57 59 60##F
56 57 58 59##T
56 57 58 60##F
57 58 59 60##T
57 59 60 61##F
57 58 59 60##T
57 58 60 61##F
57 58 59 60##T
57 58 59 61##F
53 54 55 56##T
53 55 56 57##F
53 54 55 56##T
53 54 56 57##F
53 54 55 56##T
53 54 55 57##F
54 55 56 57##T
54 56 57 58##F
54 55 56 57##T
54 55 57 58##F
54 55 56 57##T
54 55 56 58##F
55 56 57 58##T
55 57 58 59##F
55 56 57 58##T
55 56 58 59##F
55 56 57 58##T
55 56 57 59##F
56 57 58 59##T
56 58 59 60##F
56 57 58 59##T
56 57 59 60##F
56 57 58 59##T
56 57 58 60##F
57 58 59 60##T
57 59 60 61##F
57 58 59 60##T
57 58 60 61##F
57 58 59 60##T
57 58 59 61##F
58 59 60 61##T
58 60 61 62##F
58 59 60 61##T
58 59 61 62##F
58 59 60 61##T
58 59 60 62##F
54 55 56 57##T
54 56 57 58##F
54 55 56 57##T
54 55 57 58##F
54 55 56 57##T
54 55 56 58##F
55 56 57 58##T
55 57 58 59##F
55 56 57 58##T
55 56 58 59##F
55 56 57 58##T
55 56 57 59##F
56 57 58 59##T
56 58 59 60##F
56 57 58 59##T
56 57 59 60##F
56 57 58 59##T
56 57 58 60##F
57 58 59 60##T
57 59 60 61##F
57 58 59 60##T
57 58 60 61##F
57 58 59 60##T
57 58 59 61##F
58 59 60 61##T
58 60 61 62##F
58 59 60 61##T
58 59 61 62##F
58 59 60 61##T
58 59 60 62##F
59 60 61 62##T
59 61 62 63##F
59 60 61 62##T
59 60 62 63##F
59 60 61 62##T
59 60 61 63##F
55 56 57 58##T
55 57 58 59##F
55 56 57 58##T
55 56 58 59##F
55 56 57 58##T
55 56 57 59##F
56 57 58 59##T
56 58 59 60##F
56 57 58 59##T
56 57 59 60##F
56 57 58 59##T
56 57 58 60##F
57 58 59 60##T
57 59 60 61##F
57 58 59 60##T
57 58 60 61##F
57 58 59 60##T
57 58 59 61##F
58 59 60 61##T
58 60 61 62##F
58 59 60 61##T
58 59 61 62##F
58 59 60 61##T
58 59 60 62##F
59 60 61 62##T
59 61 62 63##F
59 60 61 62##T
59 60 62 63##F
59 60 61 62##T
59 60 61 63##F
60 61 62 63##T
60 62 63 64##F
60 61 62 63##T
60 61 63 64##F
60 61 62 63##T
60 61 62 64##F
56 57 58 59##T
56 58 59 60##F
56 57 58 59##T
56 57 59 60##F
56 57 58 59##T
56 57 58 60##F
57 58 59 60##T
57 59 60 61##F
57 58 59 60##T
57 58 60 61##F
57 58 59 60##T
57 58 59 61##F
58 59 60 61##T
58 60 61 62##F
58 59 60 61##T
58 59 61 62##F
58 59 60 61##T
58 59 60 62##F
59 60 61 62##T
59 61 62 63##F
59 60 61 62##T
59 60 62 63##F
59 60 61 62##T
59 60 61 63##F
60 61 62 63##T
60 62 63 64##F
60 61 62 63##T
60 61 63 64##F
60 61 62 63##T
60 61 62 64##F
61 62 63 64##T
61 63 64 65##F
61 62 63 64##T
61 62 64 65##F
61 62 63 64##T
61 62 63 65##F
57 58 59 60##T
57 59 60 61##F
57 58 59 60##T
57 58 60 61##F
57 58 59 60##T
57 58 59 61##F
58 59 60 61##T
58 60 61 62##F
58 59 60 61##T
58 59 61 62##F
58 59 60 61##T
58 59 60 62##F
59 60 61 62##T
59 61 62 63##F
59 60 61 62##T
59 60 62 63##F
59 60 61 62##T
59 60 61 63##F
60 61 62 63##T
60 62 63 64##F
60 61 62 63##T
60 61 63 64##F
60 61 62 63##T
60 61 62 64##F
61 62 63 64##T
61 63 64 65##F
61 62 63 64##T
61 62 64 65##F
61 62 63 64##T
61 62 63 65##F
62 63 64 65##T
62 64 65 66##F
62 63 64 65##T
62 63 65 66##F
62 63 64 65##T
62 63 64 66##F
58 59 60 61##T
58 60 61 62##F
58 59 60 61##T
58 59 61 62##F
58 59 60 61##T
58 59 60 62##F
59 60 61 62##T
59 61 62 63##F
59 60 61 62##T
59 60 62 63##F
59 60 61 62##T
59 60 61 63##F
60 61 62 63##T
60 62 63 64##F
60 61 62 63##T
60 61 63 64##F
60 61 62 63##T
60 61 62 64##F
61 62 63 64##T
61 63 64 65##F
61 62 63 64##T
61 62 64 65##F
61 62 63 64##T
61 62 63 65##F
62 63 64 65##T
62 64 65 66##F
62 63 64 65##T
62 63 65 66##F
62 63 64 65##T
62 63 64 66##F
63 64 65 66##T
63 65 66 67##F
63 64 65 66##T
63 64 66 67##F
63 64 65 66##T
63 64 65 67##F
59 60 61 62##T
59 61 62 63##F
59 60 61 62##T
59 60 62 63##F
59 60 61 62##T
59 60 61 63##F
60 61 62 63##T
60 62 63 64##F
60 61 62 63##T
60 61 63 64##F
60 61 62 63##T
60 61 62 64##F
61 62 63 64##T
61 63 64 65##F
61 62 63 64##T
61 62 64 65##F
61 62 63 64##T
61 62 63 65##F
62 63 64 65##T
62 64 65 66##F
62 63 64 65##T
62 63 65 66##F
62 63 64 65##T
62 63 64 66##F
63 64 65 66##T
63 65 66 67##F
63 64 65 66##T
63 64 66 67##F
63 64 65 66##T
63 64 65 67##F
64 65 66 67##T
64 66 67 68##F
64 65 66 67##T
64 65 67 68##F
64 65 66 67##T
64 65 66 68##F
60 61 62 63##T
60 62 63 64##F
60 61 62 63##T
60 61 63 64##F
60 61 62 63##T
60 61 62 64##F
61 62 63 64##T
61 63 64 65##F
61 62 63 64##T
61 62 64 65##F
61 62 63 64##T
61 62 63 65##F
62 63 64 65##T
62 64 65 66##F
62 63 64 65##T
62 63 65 66##F
62 63 64 65##T
62 63 64 66##F
63 64 65 66##T
63 65 66 67##F
63 64 65 66##T
63 64 66 67##F
63 64 65 66##T
63 64 65 67##F
64 65 66 67##T
64 66 67 68##F
64 65 66 67##T
64 65 67 68##F
64 65 66 67##T
64 65 66 68##F
65 66 67 68##T
65 67 68 69##F
65 66 67 68##T
65 66 68 69##F
65 66 67 68##T
65 66 67 69##F
61 62 63 64##T
61 63 64 65##F
61 62 63 64##T
61 62 64 65##F
61 62 63 64##T
61 62 63 65##F
62 63 64 65##T
62 64 65 66##F
62 63 64 65##T
62 63 65 66##F
62 63 64 65##T
62 63 64 66##F
63 64 65 66##T
63 65 66 67##F
63 64 65 66##T
63 64 66 67##F
63 64 65 66##T
63 64 65 67##F
64 65 66 67##T
64 66 67 68##F
64 65 66 67##T
64 65 67 68##F
64 65 66 67##T
64 65 66 68##F
65 66 67 68##T
65 67 68 69##F
65 66 67 68##T
65 66 68 69##F
65 66 67 68##T
65 66 67 69##F
66 67 68 69##T
66 68 69 70##F
66 67 68 69##T
66 67 69 70##F
66 67 68 69##T
66 67 68 70##F
62 63 64 65##T
62 64 65 66##F
62 63 64 65##T
62 63 65 66##F
62 63 64 65##T
62 63 64 66##F
63 64 65 66##T
63 65 66 67##F
63 64 65 66##T
63 64 66 67##F
63 64 65 66##T
63 64 65 67##F
64 65 66 67##T
64 66 67 68##F
64 65 66 67##T
64 65 67 68##F
64 65 66 67##T
64 65 66 68##F
65 66 67 68##T
65 67 68 69##F
65 66 67 68##T
65 66 68 69##F
65 66 67 68##T
65 66 67 69##F
66 67 68 69##T
66 68 69 70##F
66 67 68 69##T
66 67 69 70##F
66 67 68 69##T
66 67 68 70##F
67 68 69 70##T
67 69 70 71##F
67 68 69 70##T
67 68 70 71##F
67 68 69 70##T
67 68 69 71##F
63 64 65 66##T
63 65 66 67##F
63 64 65 66##T
63 64 66 67##F
63 64 65 66##T
63 64 65 67##F
64 65 66 67##T
64 66 67 68##F
64 65 66 67##T
64 65 67 68##F
64 65 66 67##T
64 65 66 68##F
65 66 67 68##T
65 67 68 69##F
65 66 67 68##T
65 66 68 69##F
65 66 67 68##T
65 66 67 69##F
66 67 68 69##T
66 68 69 70##F
66 67 68 69##T
66 67 69 70##F
66 67 68 69##T
66 67 68 70##F
67 68 69 70##T
67 69 70 71##F
67 68 69 70##T
67 68 70 71##F
67 68 69 70##T
67 68 69 71##F
68 69 70 71##T
68 70 71 72##F
68 69 70 71##T
68 69 71 72##F
68 69 70 71##T
68 69 70 72##F
64 65 66 67##T
64 66 67 68##F
64 65 66 67##T
64 65 67 68##F
64 65 66 67##T
64 65 66 68##F
65 66 67 68##T
65 67 68 69##F
65 66 67 68##T
65 66 68 69##F
65 66 67 68##T
65 66 67 69##F
66 67 68 69##T
66 68 69 70##F
66 67 68 69##T
66 67 69 70##F
66 67 68 69##T
66 67 68 70##F
67 68 69 70##T
67 69 70 71##F
67 68 69 70##T
67 68 70 71##F
67 68 69 70##T
67 68 69 71##F
68 69 70 71##T
68 70 71 72##F
68 69 70 71##T
68 69 71 72##F
68 69 70 71##T
68 69 70 72##F
69 70 71 72##T
69 71 72 73##F
69 70 71 72##T
69 70 72 73##F
69 70 71 72##T
69 70 71 73##F
65 66 67 68##T
65 67 68 69##F
65 66 67 68##T
65 66 68 69##F
65 66 67 68##T
65 66 67 69##F
66 67 68 69##T
66 68 69 70##F
66 67 68 69##T
66 67 69 70##F
66 67 68 69##T
66 67 68 70##F
67 68 69 70##T
67 69 70 71##F
67 68 69 70##T
67 68 70 71##F
67 68 69 70##T
67 68 69 71##F
68 69 70 71##T
68 70 71 72##F
68 69 70 71##T
68 69 71 72##F
68 69 70 71##T
68 69 70 72##F
69 70 71 72##T
69 71 72 73##F
69 70 71 72##T
69 70 72 73##F
69 70 71 72##T
69 70 71 73##F
70 71 72 73##T
70 72 73 74##F
70 71 72 73##T
70 71 73 74##F
70 71 72 73##T
70 71 72 74##F
66 67 68 69##T
66 68 69 70##F
66 67 68 69##T
66 67 69 70##F
66 67 68 69##T
66 67 68 70##F
67 68 69 70##T
67 69 70 71##F
67 68 69 70##T
67 68 70 71##F
67 68 69 70##T
67 68 69 71##F
68 69 70 71##T
68 70 71 72##F
68 69 70 71##T
68 69 71 72##F
68 69 70 71##T
68 69 70 72##F
69 70 71 72##T
69 71 72 73##F
69 70 71 72##T
69 70 72 73##F
69 70 71 72##T
69 70 71 73##F
70 71 72 73##T
70 72 73 74##F
70 71 72 73##T
70 71 73 74##F
70 71 72 73##T
70 71 72 74##F
71 72 73 74##T
71 73 74 75##F
71 72 73 74##T
71 72 74 75##F
71 72 73 74##T
71 72 73 75##F
67 68 69 70##T
67 69 70 71##F
67 68 69 70##T
67 68 70 71##F
67 68 69 70##T
67 68 69 71##F
68 69 70 71##T
68 70 71 72##F
68 69 70 71##T
68 69 71 72##F
68 69 70 71##T
68 69 70 72##F
69 70 71 72##T
69 71 72 73##F
69 70 71 72##T
69 70 72 73##F
69 70 71 72##T
69 70 71 73##F
70 71 72 73##T
70 72 73 74##F
70 71 72 73##T
70 71 73 74##F
70 71 72 73##T
70 71 72 74##F
71 72 73 74##T
71 73 74 75##F
71 72 73 74##T
71 72 74 75##F
71 72 73 74##T
71 72 73 75##F
72 73 74 75##T
72 74 75 76##F
72 73 74 75##T
72 73 75 76##F
72 73 74 75##T
72 73 74 76##F
68 69 70 71##T
68 70 71 72##F
68 69 70 71##T
68 69 71 72##F
68 69 70 71##T
68 69 70 72##F
69 70 71 72##T
69 71 72 73##F
69 70 71 72##T
69 70 72 73##F
69 70 71 72##T
69 70 71 73##F
70 71 72 73##T
70 72 73 74##F
70 71 72 73##T
70 71 73 74##F
70 71 72 73##T
70 71 72 74##F
71 72 73 74##T
71 73 74 75##F
71 72 73 74##T
71 72 74 75##F
71 72 73 74##T
71 72 73 75##F
72 73 74 75##T
72 74 75 76##F
72 73 74 75##T
72 73 75 76##F
72 73 74 75##T
72 73 74 76##F
73 74 75 76##T
73 75 76 77##F
73 74 75 76##T
73 74 76 77##F
73 74 75 76##T
73 74 75 77##F
69 70 71 72##T
69 71 72 73##F
69 70 71 72##T
69 70 72 73##F
69 70 71 72##T
69 70 71 73##F
70 71 72 73##T
70 72 73 74##F
70 71 72 73##T
70 71 73 74##F
70 71 72 73##T
70 71 72 74##F
71 72 73 74##T
71 73 74 75##F
71 72 73 74##T
71 72 74 75##F
71 72 73 74##T
71 72 73 75##F
72 73 74 75##T
72 74 75 76##F
72 73 74 75##T
72 73 75 76##F
72 73 74 75##T
72 73 74 76##F
73 74 75 76##T
73 75 76 77##F
73 74 75 76##T
73 74 76 77##F
73 74 75 76##T
73 74 75 77##F
74 75 76 77##T
74 76 77 78##F
74 75 76 77##T
74 75 77 78##F
74 75 76 77##T
74 75 76 78##F
70 71 72 73##T
70 72 73 74##F
70 71 72 73##T
70 71 73 74##F
70 71 72 73##T
70 71 72 74##F
71 72 73 74##T
71 73 74 75##F
71 72 73 74##T
71 72 74 75##F
71 72 73 74##T
71 72 73 75##F
72 73 74 75##T
72 74 75 76##F
72 73 74 75##T
72 73 75 76##F
72 73 74 75##T
72 73 74 76##F
73 74 75 76##T
73 75 76 77##F
73 74 75 76##T
73 74 76 77##F
73 74 75 76##T
73 74 75 77##F
74 75 76 77##T
74 76 77 78##F
74 75 76 77##T
74 75 77 78##F
74 75 76 77##T
74 75 76 78##F
75 76 77 78##T
75 77 78 79##F
75 76 77 78##T
75 76 78 79##F
75 76 77 78##T
75 76 77 79##F
71 72 73 74##T
71 73 74 75##F
71 72 73 74##T
71 72 74 75##F
71 72 73 74##T
71 72 73 75##F
72 73 74 75##T
72 74 75 76##F
72 73 74 75##T
72 73 75 76##F
72 73 74 75##T
72 73 74 76##F
73 74 75 76##T
73 75 76 77##F
73 74 75 76##T
73 74 76 77##F
73 74 75 76##T
73 74 75 77##F
74 75 76 77##T
74 76 77 78##F
74 75 76 77##T
74 75 77 78##F
74 75 76 77##T
74 75 76 78##F
75 76 77 78##T
75 77 78 79##F
75 76 77 78##T
75 76 78 79##F
75 76 77 78##T
75 76 77 79##F
76 77 78 79##T
76 78 79 80##F
76 77 78 79##T
76 77 79 80##F
76 77 78 79##T
76 77 78 80##F
72 73 74 75##T
72 74 75 76##F
72 73 74 75##T
72 73 75 76##F
72 73 74 75##T
72 73 74 76##F
73 74 75 76##T
73 75 76 77##F
73 74 75 76##T
73 74 76 77##F
73 74 75 76##T
73 74 75 77##F
74 75 76 77##T
74 76 77 78##F
74 75 76 77##T
74 75 77 78##F
74 75 76 77##T
74 75 76 78##F
75 76 77 78##T
75 77 78 79##F
75 76 77 78##T
75 76 78 79##F
75 76 77 78##T
75 76 77 79##F
76 77 78 79##T
76 78 79 80##F
76 77 78 79##T
76 77 79 80##F
76 77 78 79##T
76 77 78 80##F
77 78 79 80##T
77 79 80 81##F
77 78 79 80##T
77 78 80 81##F
77 78 79 80##T
77 78 79 81##F
73 74 75 76##T
73 75 76 77##F
73 74 75 76##T
73 74 76 77##F
73 74 75 76##T
73 74 75 77##F
74 75 76 77##T
74 76 77 78##F
74 75 76 77##T
74 75 77 78##F
74 75 76 77##T
74 75 76 78##F
75 76 77 78##T
75 77 78 79##F
75 76 77 78##T
75 76 78 79##F
75 76 77 78##T
75 76 77 79##F
76 77 78 79##T
76 78 79 80##F
76 77 78 79##T
76 77 79 80##F
76 77 78 79##T
76 77 78 80##F
77 78 79 80##T
77 79 80 81##F
77 78 79 80##T
77 78 80 81##F
77 78 79 80##T
77 78 79 81##F
78 79 80 81##T
78 80 81 82##F
78 79 80 81##T
78 79 81 82##F
78 79 80 81##T
78 79 80 82##F
74 75 76 77##T
74 76 77 78##F
74 75 76 77##T
74 75 77 78##F
74 75 76 77##T
74 75 76 78##F
75 76 77 78##T
75 77 78 79##F
75 76 77 78##T
75 76 78 79##F
75 76 77 78##T
75 76 77 79##F
76 77 78 79##T
76 78 79 80##F
76 77 78 79##T
76 77 79 80##F
76 77 78 79##T
76 77 78 80##F
77 78 79 80##T
77 79 80 81##F
77 78 79 80##T
77 78 80 81##F
77 78 79 80##T
77 78 79 81##F
78 79 80 81##T
78 80 81 82##F
78 79 80 81##T
78 79 81 82##F
78 79 80 81##T
78 79 80 82##F
79 80 81 82##T
79 81 82 83##F
79 80 81 82##T
79 80 82 83##F
79 80 81 82##T
79 80 81 83##F
75 76 77 78##T
75 77 78 79##F
75 76 77 78##T
75 76 78 79##F
75 76 77 78##T
75 76 77 79##F
76 77 78 79##T
76 78 79 80##F
76 77 78 79##T
76 77 79 80##F
76 77 78 79##T
76 77 78 80##F
77 78 79 80##T
77 79 80 81##F
77 78 79 80##T
77 78 80 81##F
77 78 79 80##T
77 78 79 81##F
78 79 80 81##T
78 80 81 82##F
78 79 80 81##T
78 79 81 82##F
78 79 80 81##T
78 79 80 82##F
79 80 81 82##T
79 81 82 83##F
79 80 81 82##T
79 80 82 83##F
79 80 81 82##T
79 80 81 83##F
80 81 82 83##T
80 82 83 84##F
80 81 82 83##T
80 81 83 84##F
80 81 82 83##T
80 81 82 84##F
76 77 78 79##T
76 78 79 80##F
76 77 78 79##T
76 77 79 80##F
76 77 78 79##T
76 77 78 80##F
77 78 79 80##T
77 79 80 81##F
77 78 79 80##T
77 78 80 81##F
77 78 79 80##T
77 78 79 81##F
78 79 80 81##T
78 80 81 82##F
78 79 80 81##T
78 79 81 82##F
78 79 80 81##T
78 79 80 82##F
79 80 81 82##T
79 81 82 83##F
79 80 81 82##T
79 80 82 83##F
79 80 81 82##T
79 80 81 83##F
80 81 82 83##T
80 82 83 84##F
80 81 82 83##T
80 81 83 84##F
80 81 82 83##T
80 81 82 84##F
81 82 83 84##T
81 83 84 85##F
81 82 83 84##T
81 82 84 85##F
81 82 83 84##T
81 82 83 85##F
77 78 79 80##T
77 79 80 81##F
77 78 79 80##T
77 78 80 81##F
77 78 79 80##T
77 78 79 81##F
78 79 80 81##T
78 80 81 82##F
78 79 80 81##T
78 79 81 82##F
78 79 80 81##T
78 79 80 82##F
79 80 81 82##T
79 81 82 83##F
79 80 81 82##T
79 80 82 83##F
79 80 81 82##T
79 80 81 83##F
80 81 82 83##T
80 82 83 84##F
80 81 82 83##T
80 81 83 84##F
80 81 82 83##T
80 81 82 84##F
81 82 83 84##T
81 83 84 85##F
81 82 83 84##T
81 82 84 85##F
81 82 83 84##T
81 82 83 85##F
82 83 84 85##T
82 84 85 86##F
82 83 84 85##T
82 83 85 86##F
82 83 84 85##T
82 83 84 86##F
78 79 80 81##T
78 80 81 82##F
78 79 80 81##T
78 79 81 82##F
78 79 80 81##T
78 79 80 82##F
79 80 81 82##T
79 81 82 83##F
79 80 81 82##T
79 80 82 83##F
79 80 81 82##T
79 80 81 83##F
80 81 82 83##T
80 82 83 84##F
80 81 82 83##T
80 81 83 84##F
80 81 82 83##T
80 81 82 84##F
81 82 83 84##T
81 83 84 85##F
81 82 83 84##T
81 82 84 85##F
81 82 83 84##T
81 82 83 85##F
82 83 84 85##T
82 84 85 86##F
82 83 84 85##T
82 83 85 86##F
82 83 84 85##T
82 83 84 86##F
83 84 85 86##T
83 85 86 87##F
83 84 85 86##T
83 84 86 87##F
83 84 85 86##T
83 84 85 87##F
79 80 81 82##T
79 81 82 83##F
79 80 81 82##T
79 80 82 83##F
79 80 81 82##T
79 80 81 83##F
80 81 82 83##T
80 82 83 84##F
80 81 82 83##T
80 81 83 84##F
80 81 82 83##T
80 81 82 84##F
81 82 83 84##T
81 83 84 85##F
81 82 83 84##T
81 82 84 85##F
81 82 83 84##T
81 82 83 85##F
82 83 84 85##T
82 84 85 86##F
82 83 84 85##T
82 83 85 86##F
82 83 84 85##T
82 83 84 86##F
83 84 85 86##T
83 85 86 87##F
83 84 85 86##T
83 84 86 87##F
83 84 85 86##T
83 84 85 87##F
84 85 86 87##T
84 86 87 88##F
84 85 86 87##T
84 85 87 88##F
84 85 86 87##T
84 85 86 88##F
80 81 82 83##T
80 82 83 84##F
80 81 82 83##T
80 81 83 84##F
80 81 82 83##T
80 81 82 84##F
81 82 83 84##T
81 83 84 85##F
81 82 83 84##T
81 82 84 85##F
81 82 83 84##T
81 82 83 85##F
82 83 84 85##T
82 84 85 86##F
82 83 84 85##T
82 83 85 86##F
82 83 84 85##T
82 83 84 86##F
83 84 85 86##T
83 85 86 87##F
83 84 85 86##T
83 84 86 87##F
83 84 85 86##T
83 84 85 87##F
84 85 86 87##T
84 86 87 88##F
84 85 86 87##T
84 85 87 88##F
84 85 86 87##T
84 85 86 88##F
85 86 87 88##T
85 87 88 89##F
85 86 87 88##T
85 86 88 89##F
85 86 87 88##T
85 86 87 89##F
81 82 83 84##T
81 83 84 85##F
81 82 83 84##T
81 82 84 85##F
81 82 83 84##T
81 82 83 85##F
82 83 84 85##T
82 84 85 86##F
82 83 84 85##T
82 83 85 86##F
82 83 84 85##T
82 83 84 86##F
83 84 85 86##T
83 85 86 87##F
83 84 85 86##T
83 84 86 87##F
83 84 85 86##T
83 84 85 87##F
84 85 86 87##T
84 86 87 88##F
84 85 86 87##T
84 85 87 88##F
84 85 86 87##T
84 85 86 88##F
85 86 87 88##T
85 87 88 89##F
85 86 87 88##T
85 86 88 89##F
85 86 87 88##T
85 86 87 89##F
86 87 88 89##T
86 88 89 90##F
86 87 88 89##T
86 87 89 90##F
86 87 88 89##T
86 87 88 90##F
82 83 84 85##T
82 84 85 86##F
82 83 84 85##T
82 83 85 86##F
82 83 84 85##T
82 83 84 86##F
83 84 85 86##T
83 85 86 87##F
83 84 85 86##T
83 84 86 87##F
83 84 85 86##T
83 84 85 87##F
84 85 86 87##T
84 86 87 88##F
84 85 86 87##T
84 85 87 88##F
84 85 86 87##T
84 85 86 88##F
85 86 87 88##T
85 87 88 89##F
85 86 87 88##T
85 86 88 89##F
85 86 87 88##T
85 86 87 89##F
86 87 88 89##T
86 88 89 90##F
86 87 88 89##T
86 87 89 90##F
86 87 88 89##T
86 87 88 90##F
87 88 89 90##T
87 89 90 91##F
87 88 89 90##T
87 88 90 91##F
87 88 89 90##T
87 88 89 91##F
83 84 85 86##T
83 85 86 87##F
83 84 85 86##T
83 84 86 87##F
83 84 85 86##T
83 84 85 87##F
84 85 86 87##T
84 86 87 88##F
84 85 86 87##T
84 85 87 88##F
84 85 86 87##T
84 85 86 88##F
85 86 87 88##T
85 87 88 89##F
85 86 87 88##T
85 86 88 89##F
85 86 87 88##T
85 86 87 89##F
86 87 88 89##T
86 88 89 90##F
86 87 88 89##T
86 87 89 90##F
86 87 88 89##T
86 87 88 90##F
87 88 89 90##T
87 89 90 91##F
87 88 89 90##T
87 88 90 91##F
87 88 89 90##T
87 88 89 91##F
88 89 90 91##T
88 90 91 92##F
88 89 90 91##T
88 89 91 92##F
88 89 90 91##T
88 89 90 92##F
84 85 86 87##T
84 86 87 88##F
84 85 86 87##T
84 85 87 88##F
84 85 86 87##T
84 85 86 88##F
85 86 87 88##T
85 87 88 89##F
85 86 87 88##T
85 86 88 89##F
85 86 87 88##T
85 86 87 89##F
86 87 88 89##T
86 88 89 90##F
86 87 88 89##T
86 87 89 90##F
86 87 88 89##T
86 87 88 90##F
87 88 89 90##T
87 89 90 91##F
87 88 89 90##T
87 88 90 91##F
87 88 89 90##T
87 88 89 91##F
88 89 90 91##T
88 90 91 92##F
88 89 90 91##T
88 89 91 92##F
88 89 90 91##T
88 89 90 92##F
89 90 91 92##T
89 91 92 93##F
89 90 91 92##T
89 90 92 93##F
89 90 91 92##T
89 90 91 93##F
85 86 87 88##T
85 87 88 89##F
85 86 87 88##T
85 86 88 89##F
85 86 87 88##T
85 86 87 89##F
86 87 88 89##T
86 88 89 90##F
86 87 88 89##T
86 87 89 90##F
86 87 88 89##T
86 87 88 90##F
87 88 89 90##T
87 89 90 91##F
87 88 89 90##T
87 88 90 91##F
87 88 89 90##T
87 88 89 91##F
88 89 90 91##T
88 90 91 92##F
88 89 90 91##T
88 89 91 92##F
88 89 90 91##T
88 89 90 92##F
89 90 91 92##T
89 91 92 93##F
89 90 91 92##T
89 90 92 93##F
89 90 91 92##T
89 90 91 93##F
90 91 92 93##T
90 92 93 94##F
90 91 92 93##T
90 91 93 94##F
90 91 92 93##T
90 91 92 94##F
86 87 88 89##T
86 88 89 90##F
86 87 88 89##T
86 87 89 90##F
86 87 88 89##T
86 87 88 90##F
87 88 89 90##T
87 89 90 91##F
87 88 89 90##T
87 88 90 91##F
87 88 89 90##T
87 88 89 91##F
88 89 90 91##T
88 90 91 92##F
88 89 90 91##T
88 89 91 92##F
88 89 90 91##T
88 89 90 92##F
89 90 91 92##T
89 91 92 93##F
89 90 91 92##T
89 90 92 93##F
89 90 91 92##T
89 90 91 93##F
90 91 92 93##T
90 92 93 94##F
90 91 92 93##T
90 91 93 94##F
90 91 92 93##T
90 91 92 94##F
91 92 93 94##T
91 93 94 95##F
91 92 93 94##T
91 92 94 95##F
91 92 93 94##T
91 92 93 95##F
87 88 89 90##T
87 89 90 91##F
87 88 89 90##T
87 88 90 91##F
87 88 89 90##T
87 88 89 91##F
88 89 90 91##T
88 90 91 92##F
88 89 90 91##T
88 89 91 92##F
88 89 90 91##T
88 89 90 92##F
89 90 91 92##T
89 91 92 93##F
89 90 91 92##T
89 90 92 93##F
89 90 91 92##T
89 90 91 93##F
90 91 92 93##T
90 92 93 94##F
90 91 92 93##T
90 91 93 94##F
90 91 92 93##T
90 91 92 94##F
91 92 93 94##T
91 93 94 95##F
91 92 93 94##T
91 92 94 95##F
91 92 93 94##T
91 92 93 95##F
92 93 94 95##T
92 94 95 96##F
92 93 94 95##T
92 93 95 96##F
92 93 94 95##T
92 93 94 96##F
88 89 90 91##T
88 90 91 92##F
88 89 90 91##T
88 89 91 92##F
88 89 90 91##T
88 89 90 92##F
89 90 91 92##T
89 91 92 93##F
89 90 91 92##T
89 90 92 93##F
89 90 91 92##T
89 90 91 93##F
90 91 92 93##T
90 92 93 94##F
90 91 92 93##T
90 91 93 94##F
90 91 92 93##T
90 91 92 94##F
91 92 93 94##T
91 93 94 95##F
91 92 93 94##T
91 92 94 95##F
91 92 93 94##T
91 92 93 95##F
92 93 94 95##T
92 94 95 96##F
92 93 94 95##T
92 93 95 96##F
92 93 94 95##T
92 93 94 96##F
93 94 95 96##T
93 95 96 97##F
93 94 95 96##T
93 94 96 97##F
93 94 95 96##T
93 94 95 97##F
89 90 91 92##T
89 91 92 93##F
89 90 91 92##T
89 90 92 93##F
89 90 91 92##T
89 90 91 93##F
90 91 92 93##T
90 92 93 94##F
90 91 92 93##T
90 91 93 94##F
90 91 92 93##T
90 91 92 94##F
91 92 93 94##T
91 93 94 95##F
91 92 93 94##T
91 92 94 95##F
91 92 93 94##T
91 92 93 95##F
92 93 94 95##T
92 94 95 96##F
92 93 94 95##T
92 93 95 96##F
92 93 94 95##T
92 93 94 96##F
93 94 95 96##T
93 95 96 97##F
93 94 95 96##T
93 94 96 97##F
93 94 95 96##T
93 94 95 97##F
94 95 96 97##T
94 96 97 98##F
94 95 96 97##T
94 95 97 98##F
94 95 96 97##T
94 95 96 98##F
90 91 92 93##T
90 92 93 94##F
90 91 92 93##T
90 91 93 94##F
90 91 92 93##T
90 91 92 94##F
91 92 93 94##T
91 93 94 95##F
91 92 93 94##T
91 92 94 95##F
91 92 93 94##T
91 92 93 95##F
92 93 94 95##T
92 94 95 96##F
92 93 94 95##T
92 93 95 96##F
92 93 94 95##T
92 93 94 96##F
93 94 95 96##T
93 95 96 97##F
93 94 95 96##T
93 94 96 97##F
93 94 95 96##T
93 94 95 97##F
94 95 96 97##T
94 96 97 98##F
94 95 96 97##T
94 95 97 98##F
94 95 96 97##T
94 95 96 98##F
95 96 97 98##T
95 97 98 99##F
95 96 97 98##T
95 96 98 99##F
95 96 97 98##T
95 96 97 99##F
91 92 93 94##T
91 93 94 95##F
91 92 93 94##T
91 92 94 95##F
91 92 93 94##T
91 92 93 95##F
92 93 94 95##T
92 94 95 96##F
92 93 94 95##T
92 93 95 96##F
92 93 94 95##T
92 93 94 96##F
93 94 95 96##T
93 95 96 97##F
93 94 95 96##T
93 94 96 97##F
93 94 95 96##T
93 94 95 97##F
94 95 96 97##T
94 96 97 98##F
94 95 96 97##T
94 95 97 98##F
94 95 96 97##T
94 95 96 98##F
95 96 97 98##T
95 97 98 99##F
95 96 97 98##T
95 96 98 99##F
95 96 97 98##T
95 96 97 99##F
96 97 98 99##T
96 98 99 100##F
96 97 98 99##T
96 97 99 100##F
96 97 98 99##T
96 97 98 100##F
