//1_2_telrij_tellen_heen_welk_getal_mist.ps
//1_2_telrij_tellen_heen_welk_getal_mist.ps from: 10 span: 10 maxanswer: -1 spreiding: -1 step: -1
10 12 13 14#10,11,12,13,14#11
10 11 13 14#10,11,12,13,14#12
10 11 12 14#10,11,12,13,14#13
11 13 14 15#11,12,13,14,15#12
11 12 14 15#11,12,13,14,15#13
11 12 13 15#11,12,13,14,15#14
12 14 15 16#12,13,14,15,16#13
12 13 15 16#12,13,14,15,16#14
12 13 14 16#12,13,14,15,16#15
13 15 16 17#13,14,15,16,17#14
13 14 16 17#13,14,15,16,17#15
13 14 15 17#13,14,15,16,17#16
14 16 17 18#14,15,16,17,18#15
14 15 17 18#14,15,16,17,18#16
14 15 16 18#14,15,16,17,18#17
15 17 18 19#15,16,17,18,19#16
15 16 18 19#15,16,17,18,19#17
15 16 17 19#15,16,17,18,19#18
