//1_2_telrij_tellen_heen_welk_getal_mist.ps
//1_2_telrij_tellen_heen_welk_getal_mist.ps from: 1 span: 10 maxanswer: 20 spreiding: 3 step: 1
1 3 4 5#1,2,3,4,5#2
1 2 4 5#1,2,3,4,5#3
1 2 3 5#1,2,3,4,5#4
2 4 5 6#2,3,4,5,6#3
2 3 5 6#2,3,4,5,6#4
2 3 4 6#2,3,4,5,6#5
3 5 6 7#3,4,5,6,7#4
3 4 6 7#3,4,5,6,7#5
3 4 5 7#3,4,5,6,7#6
4 6 7 8#4,5,6,7,8#5
4 5 7 8#4,5,6,7,8#6
4 5 6 8#4,5,6,7,8#7
5 7 8 9#5,6,7,8,9#6
5 6 8 9#5,6,7,8,9#7
5 6 7 9#5,6,7,8,9#8
6 8 9 10#6,7,8,9,10#7
6 7 9 10#6,7,8,9,10#8
6 7 8 10#6,7,8,9,10#9
2 4 5 6#2,3,4,5,6#3
2 3 5 6#2,3,4,5,6#4
2 3 4 6#2,3,4,5,6#5
3 5 6 7#3,4,5,6,7#4
3 4 6 7#3,4,5,6,7#5
3 4 5 7#3,4,5,6,7#6
4 6 7 8#4,5,6,7,8#5
4 5 7 8#4,5,6,7,8#6
4 5 6 8#4,5,6,7,8#7
5 7 8 9#5,6,7,8,9#6
5 6 8 9#5,6,7,8,9#7
5 6 7 9#5,6,7,8,9#8
6 8 9 10#6,7,8,9,10#7
6 7 9 10#6,7,8,9,10#8
6 7 8 10#6,7,8,9,10#9
7 9 10 11#7,8,9,10,11#8
7 8 10 11#7,8,9,10,11#9
7 8 9 11#7,8,9,10,11#10
3 5 6 7#3,4,5,6,7#4
3 4 6 7#3,4,5,6,7#5
3 4 5 7#3,4,5,6,7#6
4 6 7 8#4,5,6,7,8#5
4 5 7 8#4,5,6,7,8#6
4 5 6 8#4,5,6,7,8#7
5 7 8 9#5,6,7,8,9#6
5 6 8 9#5,6,7,8,9#7
5 6 7 9#5,6,7,8,9#8
6 8 9 10#6,7,8,9,10#7
6 7 9 10#6,7,8,9,10#8
6 7 8 10#6,7,8,9,10#9
7 9 10 11#7,8,9,10,11#8
7 8 10 11#7,8,9,10,11#9
7 8 9 11#7,8,9,10,11#10
8 10 11 12#8,9,10,11,12#9
8 9 11 12#8,9,10,11,12#10
8 9 10 12#8,9,10,11,12#11
4 6 7 8#4,5,6,7,8#5
4 5 7 8#4,5,6,7,8#6
4 5 6 8#4,5,6,7,8#7
5 7 8 9#5,6,7,8,9#6
5 6 8 9#5,6,7,8,9#7
5 6 7 9#5,6,7,8,9#8
6 8 9 10#6,7,8,9,10#7
6 7 9 10#6,7,8,9,10#8
6 7 8 10#6,7,8,9,10#9
7 9 10 11#7,8,9,10,11#8
7 8 10 11#7,8,9,10,11#9
7 8 9 11#7,8,9,10,11#10
8 10 11 12#8,9,10,11,12#9
8 9 11 12#8,9,10,11,12#10
8 9 10 12#8,9,10,11,12#11
9 11 12 13#9,10,11,12,13#10
9 10 12 13#9,10,11,12,13#11
9 10 11 13#9,10,11,12,13#12
5 7 8 9#5,6,7,8,9#6
5 6 8 9#5,6,7,8,9#7
5 6 7 9#5,6,7,8,9#8
6 8 9 10#6,7,8,9,10#7
6 7 9 10#6,7,8,9,10#8
6 7 8 10#6,7,8,9,10#9
7 9 10 11#7,8,9,10,11#8
7 8 10 11#7,8,9,10,11#9
7 8 9 11#7,8,9,10,11#10
8 10 11 12#8,9,10,11,12#9
8 9 11 12#8,9,10,11,12#10
8 9 10 12#8,9,10,11,12#11
9 11 12 13#9,10,11,12,13#10
9 10 12 13#9,10,11,12,13#11
9 10 11 13#9,10,11,12,13#12
10 12 13 14#10,11,12,13,14#11
10 11 13 14#10,11,12,13,14#12
10 11 12 14#10,11,12,13,14#13
6 8 9 10#6,7,8,9,10#7
6 7 9 10#6,7,8,9,10#8
6 7 8 10#6,7,8,9,10#9
7 9 10 11#7,8,9,10,11#8
7 8 10 11#7,8,9,10,11#9
7 8 9 11#7,8,9,10,11#10
8 10 11 12#8,9,10,11,12#9
8 9 11 12#8,9,10,11,12#10
8 9 10 12#8,9,10,11,12#11
9 11 12 13#9,10,11,12,13#10
9 10 12 13#9,10,11,12,13#11
9 10 11 13#9,10,11,12,13#12
10 12 13 14#10,11,12,13,14#11
10 11 13 14#10,11,12,13,14#12
10 11 12 14#10,11,12,13,14#13
11 13 14 15#11,12,13,14,15#12
11 12 14 15#11,12,13,14,15#13
11 12 13 15#11,12,13,14,15#14
7 9 10 11#7,8,9,10,11#8
7 8 10 11#7,8,9,10,11#9
7 8 9 11#7,8,9,10,11#10
8 10 11 12#8,9,10,11,12#9
8 9 11 12#8,9,10,11,12#10
8 9 10 12#8,9,10,11,12#11
9 11 12 13#9,10,11,12,13#10
9 10 12 13#9,10,11,12,13#11
9 10 11 13#9,10,11,12,13#12
10 12 13 14#10,11,12,13,14#11
10 11 13 14#10,11,12,13,14#12
10 11 12 14#10,11,12,13,14#13
11 13 14 15#11,12,13,14,15#12
11 12 14 15#11,12,13,14,15#13
11 12 13 15#11,12,13,14,15#14
12 14 15 16#12,13,14,15,16#13
12 13 15 16#12,13,14,15,16#14
12 13 14 16#12,13,14,15,16#15
8 10 11 12#8,9,10,11,12#9
8 9 11 12#8,9,10,11,12#10
8 9 10 12#8,9,10,11,12#11
9 11 12 13#9,10,11,12,13#10
9 10 12 13#9,10,11,12,13#11
9 10 11 13#9,10,11,12,13#12
10 12 13 14#10,11,12,13,14#11
10 11 13 14#10,11,12,13,14#12
10 11 12 14#10,11,12,13,14#13
11 13 14 15#11,12,13,14,15#12
11 12 14 15#11,12,13,14,15#13
11 12 13 15#11,12,13,14,15#14
12 14 15 16#12,13,14,15,16#13
12 13 15 16#12,13,14,15,16#14
12 13 14 16#12,13,14,15,16#15
13 15 16 17#13,14,15,16,17#14
13 14 16 17#13,14,15,16,17#15
13 14 15 17#13,14,15,16,17#16
9 11 12 13#9,10,11,12,13#10
9 10 12 13#9,10,11,12,13#11
9 10 11 13#9,10,11,12,13#12
10 12 13 14#10,11,12,13,14#11
10 11 13 14#10,11,12,13,14#12
10 11 12 14#10,11,12,13,14#13
11 13 14 15#11,12,13,14,15#12
11 12 14 15#11,12,13,14,15#13
11 12 13 15#11,12,13,14,15#14
12 14 15 16#12,13,14,15,16#13
12 13 15 16#12,13,14,15,16#14
12 13 14 16#12,13,14,15,16#15
13 15 16 17#13,14,15,16,17#14
13 14 16 17#13,14,15,16,17#15
13 14 15 17#13,14,15,16,17#16
14 16 17 18#14,15,16,17,18#15
14 15 17 18#14,15,16,17,18#16
14 15 16 18#14,15,16,17,18#17
10 12 13 14#10,11,12,13,14#11
10 11 13 14#10,11,12,13,14#12
10 11 12 14#10,11,12,13,14#13
11 13 14 15#11,12,13,14,15#12
11 12 14 15#11,12,13,14,15#13
11 12 13 15#11,12,13,14,15#14
12 14 15 16#12,13,14,15,16#13
12 13 15 16#12,13,14,15,16#14
12 13 14 16#12,13,14,15,16#15
13 15 16 17#13,14,15,16,17#14
13 14 16 17#13,14,15,16,17#15
13 14 15 17#13,14,15,16,17#16
14 16 17 18#14,15,16,17,18#15
14 15 17 18#14,15,16,17,18#16
14 15 16 18#14,15,16,17,18#17
15 17 18 19#15,16,17,18,19#16
15 16 18 19#15,16,17,18,19#17
15 16 17 19#15,16,17,18,19#18
11 13 14 15#11,12,13,14,15#12
11 12 14 15#11,12,13,14,15#13
11 12 13 15#11,12,13,14,15#14
12 14 15 16#12,13,14,15,16#13
12 13 15 16#12,13,14,15,16#14
12 13 14 16#12,13,14,15,16#15
13 15 16 17#13,14,15,16,17#14
13 14 16 17#13,14,15,16,17#15
13 14 15 17#13,14,15,16,17#16
14 16 17 18#14,15,16,17,18#15
14 15 17 18#14,15,16,17,18#16
14 15 16 18#14,15,16,17,18#17
15 17 18 19#15,16,17,18,19#16
15 16 18 19#15,16,17,18,19#17
15 16 17 19#15,16,17,18,19#18
16 18 19 20#16,17,18,19,20#17
16 17 19 20#16,17,18,19,20#18
16 17 18 20#16,17,18,19,20#19
12 14 15 16#12,13,14,15,16#13
12 13 15 16#12,13,14,15,16#14
12 13 14 16#12,13,14,15,16#15
13 15 16 17#13,14,15,16,17#14
13 14 16 17#13,14,15,16,17#15
13 14 15 17#13,14,15,16,17#16
14 16 17 18#14,15,16,17,18#15
14 15 17 18#14,15,16,17,18#16
14 15 16 18#14,15,16,17,18#17
15 17 18 19#15,16,17,18,19#16
15 16 18 19#15,16,17,18,19#17
15 16 17 19#15,16,17,18,19#18
16 18 19 20#16,17,18,19,20#17
16 17 19 20#16,17,18,19,20#18
16 17 18 20#16,17,18,19,20#19
17 19 20 21#17,18,19,20,21#18
17 18 20 21#17,18,19,20,21#19
17 18 19 21#17,18,19,20,21#20
13 15 16 17#13,14,15,16,17#14
13 14 16 17#13,14,15,16,17#15
13 14 15 17#13,14,15,16,17#16
14 16 17 18#14,15,16,17,18#15
14 15 17 18#14,15,16,17,18#16
14 15 16 18#14,15,16,17,18#17
15 17 18 19#15,16,17,18,19#16
15 16 18 19#15,16,17,18,19#17
15 16 17 19#15,16,17,18,19#18
16 18 19 20#16,17,18,19,20#17
16 17 19 20#16,17,18,19,20#18
16 17 18 20#16,17,18,19,20#19
17 19 20 21#17,18,19,20,21#18
17 18 20 21#17,18,19,20,21#19
17 18 19 21#17,18,19,20,21#20
18 20 21 22#18,19,20,21,22#19
18 19 21 22#18,19,20,21,22#20
18 19 20 22#18,19,20,21,22#21
14 16 17 18#14,15,16,17,18#15
14 15 17 18#14,15,16,17,18#16
14 15 16 18#14,15,16,17,18#17
15 17 18 19#15,16,17,18,19#16
15 16 18 19#15,16,17,18,19#17
15 16 17 19#15,16,17,18,19#18
16 18 19 20#16,17,18,19,20#17
16 17 19 20#16,17,18,19,20#18
16 17 18 20#16,17,18,19,20#19
17 19 20 21#17,18,19,20,21#18
17 18 20 21#17,18,19,20,21#19
17 18 19 21#17,18,19,20,21#20
18 20 21 22#18,19,20,21,22#19
18 19 21 22#18,19,20,21,22#20
18 19 20 22#18,19,20,21,22#21
19 21 22 23#19,20,21,22,23#20
19 20 22 23#19,20,21,22,23#21
19 20 21 23#19,20,21,22,23#22
15 17 18 19#15,16,17,18,19#16
15 16 18 19#15,16,17,18,19#17
15 16 17 19#15,16,17,18,19#18
16 18 19 20#16,17,18,19,20#17
16 17 19 20#16,17,18,19,20#18
16 17 18 20#16,17,18,19,20#19
17 19 20 21#17,18,19,20,21#18
17 18 20 21#17,18,19,20,21#19
17 18 19 21#17,18,19,20,21#20
18 20 21 22#18,19,20,21,22#19
18 19 21 22#18,19,20,21,22#20
18 19 20 22#18,19,20,21,22#21
19 21 22 23#19,20,21,22,23#20
19 20 22 23#19,20,21,22,23#21
19 20 21 23#19,20,21,22,23#22
20 22 23 24#20,21,22,23,24#21
20 21 23 24#20,21,22,23,24#22
20 21 22 24#20,21,22,23,24#23
16 18 19 20#16,17,18,19,20#17
16 17 19 20#16,17,18,19,20#18
16 17 18 20#16,17,18,19,20#19
17 19 20 21#17,18,19,20,21#18
17 18 20 21#17,18,19,20,21#19
17 18 19 21#17,18,19,20,21#20
18 20 21 22#18,19,20,21,22#19
18 19 21 22#18,19,20,21,22#20
18 19 20 22#18,19,20,21,22#21
19 21 22 23#19,20,21,22,23#20
19 20 22 23#19,20,21,22,23#21
19 20 21 23#19,20,21,22,23#22
20 22 23 24#20,21,22,23,24#21
20 21 23 24#20,21,22,23,24#22
20 21 22 24#20,21,22,23,24#23
21 23 24 25#21,22,23,24,25#22
21 22 24 25#21,22,23,24,25#23
21 22 23 25#21,22,23,24,25#24
17 19 20 21#17,18,19,20,21#18
17 18 20 21#17,18,19,20,21#19
17 18 19 21#17,18,19,20,21#20
18 20 21 22#18,19,20,21,22#19
18 19 21 22#18,19,20,21,22#20
18 19 20 22#18,19,20,21,22#21
19 21 22 23#19,20,21,22,23#20
19 20 22 23#19,20,21,22,23#21
19 20 21 23#19,20,21,22,23#22
20 22 23 24#20,21,22,23,24#21
20 21 23 24#20,21,22,23,24#22
20 21 22 24#20,21,22,23,24#23
21 23 24 25#21,22,23,24,25#22
21 22 24 25#21,22,23,24,25#23
21 22 23 25#21,22,23,24,25#24
22 24 25 26#22,23,24,25,26#23
22 23 25 26#22,23,24,25,26#24
22 23 24 26#22,23,24,25,26#25
18 20 21 22#18,19,20,21,22#19
18 19 21 22#18,19,20,21,22#20
18 19 20 22#18,19,20,21,22#21
19 21 22 23#19,20,21,22,23#20
19 20 22 23#19,20,21,22,23#21
19 20 21 23#19,20,21,22,23#22
20 22 23 24#20,21,22,23,24#21
20 21 23 24#20,21,22,23,24#22
20 21 22 24#20,21,22,23,24#23
21 23 24 25#21,22,23,24,25#22
21 22 24 25#21,22,23,24,25#23
21 22 23 25#21,22,23,24,25#24
22 24 25 26#22,23,24,25,26#23
22 23 25 26#22,23,24,25,26#24
22 23 24 26#22,23,24,25,26#25
23 25 26 27#23,24,25,26,27#24
23 24 26 27#23,24,25,26,27#25
23 24 25 27#23,24,25,26,27#26
19 21 22 23#19,20,21,22,23#20
19 20 22 23#19,20,21,22,23#21
19 20 21 23#19,20,21,22,23#22
20 22 23 24#20,21,22,23,24#21
20 21 23 24#20,21,22,23,24#22
20 21 22 24#20,21,22,23,24#23
21 23 24 25#21,22,23,24,25#22
21 22 24 25#21,22,23,24,25#23
21 22 23 25#21,22,23,24,25#24
22 24 25 26#22,23,24,25,26#23
22 23 25 26#22,23,24,25,26#24
22 23 24 26#22,23,24,25,26#25
23 25 26 27#23,24,25,26,27#24
23 24 26 27#23,24,25,26,27#25
23 24 25 27#23,24,25,26,27#26
24 26 27 28#24,25,26,27,28#25
24 25 27 28#24,25,26,27,28#26
24 25 26 28#24,25,26,27,28#27
20 22 23 24#20,21,22,23,24#21
20 21 23 24#20,21,22,23,24#22
20 21 22 24#20,21,22,23,24#23
21 23 24 25#21,22,23,24,25#22
21 22 24 25#21,22,23,24,25#23
21 22 23 25#21,22,23,24,25#24
22 24 25 26#22,23,24,25,26#23
22 23 25 26#22,23,24,25,26#24
22 23 24 26#22,23,24,25,26#25
23 25 26 27#23,24,25,26,27#24
23 24 26 27#23,24,25,26,27#25
23 24 25 27#23,24,25,26,27#26
24 26 27 28#24,25,26,27,28#25
24 25 27 28#24,25,26,27,28#26
24 25 26 28#24,25,26,27,28#27
25 27 28 29#25,26,27,28,29#26
25 26 28 29#25,26,27,28,29#27
25 26 27 29#25,26,27,28,29#28
21 23 24 25#21,22,23,24,25#22
21 22 24 25#21,22,23,24,25#23
21 22 23 25#21,22,23,24,25#24
22 24 25 26#22,23,24,25,26#23
22 23 25 26#22,23,24,25,26#24
22 23 24 26#22,23,24,25,26#25
23 25 26 27#23,24,25,26,27#24
23 24 26 27#23,24,25,26,27#25
23 24 25 27#23,24,25,26,27#26
24 26 27 28#24,25,26,27,28#25
24 25 27 28#24,25,26,27,28#26
24 25 26 28#24,25,26,27,28#27
25 27 28 29#25,26,27,28,29#26
25 26 28 29#25,26,27,28,29#27
25 26 27 29#25,26,27,28,29#28
26 28 29 30#26,27,28,29,30#27
26 27 29 30#26,27,28,29,30#28
26 27 28 30#26,27,28,29,30#29
22 24 25 26#22,23,24,25,26#23
22 23 25 26#22,23,24,25,26#24
22 23 24 26#22,23,24,25,26#25
23 25 26 27#23,24,25,26,27#24
23 24 26 27#23,24,25,26,27#25
23 24 25 27#23,24,25,26,27#26
24 26 27 28#24,25,26,27,28#25
24 25 27 28#24,25,26,27,28#26
24 25 26 28#24,25,26,27,28#27
25 27 28 29#25,26,27,28,29#26
25 26 28 29#25,26,27,28,29#27
25 26 27 29#25,26,27,28,29#28
26 28 29 30#26,27,28,29,30#27
26 27 29 30#26,27,28,29,30#28
26 27 28 30#26,27,28,29,30#29
27 29 30 31#27,28,29,30,31#28
27 28 30 31#27,28,29,30,31#29
27 28 29 31#27,28,29,30,31#30
23 25 26 27#23,24,25,26,27#24
23 24 26 27#23,24,25,26,27#25
23 24 25 27#23,24,25,26,27#26
24 26 27 28#24,25,26,27,28#25
24 25 27 28#24,25,26,27,28#26
24 25 26 28#24,25,26,27,28#27
25 27 28 29#25,26,27,28,29#26
25 26 28 29#25,26,27,28,29#27
25 26 27 29#25,26,27,28,29#28
26 28 29 30#26,27,28,29,30#27
26 27 29 30#26,27,28,29,30#28
26 27 28 30#26,27,28,29,30#29
27 29 30 31#27,28,29,30,31#28
27 28 30 31#27,28,29,30,31#29
27 28 29 31#27,28,29,30,31#30
28 30 31 32#28,29,30,31,32#29
28 29 31 32#28,29,30,31,32#30
28 29 30 32#28,29,30,31,32#31
24 26 27 28#24,25,26,27,28#25
24 25 27 28#24,25,26,27,28#26
24 25 26 28#24,25,26,27,28#27
25 27 28 29#25,26,27,28,29#26
25 26 28 29#25,26,27,28,29#27
25 26 27 29#25,26,27,28,29#28
26 28 29 30#26,27,28,29,30#27
26 27 29 30#26,27,28,29,30#28
26 27 28 30#26,27,28,29,30#29
27 29 30 31#27,28,29,30,31#28
27 28 30 31#27,28,29,30,31#29
27 28 29 31#27,28,29,30,31#30
28 30 31 32#28,29,30,31,32#29
28 29 31 32#28,29,30,31,32#30
28 29 30 32#28,29,30,31,32#31
29 31 32 33#29,30,31,32,33#30
29 30 32 33#29,30,31,32,33#31
29 30 31 33#29,30,31,32,33#32
25 27 28 29#25,26,27,28,29#26
25 26 28 29#25,26,27,28,29#27
25 26 27 29#25,26,27,28,29#28
26 28 29 30#26,27,28,29,30#27
26 27 29 30#26,27,28,29,30#28
26 27 28 30#26,27,28,29,30#29
27 29 30 31#27,28,29,30,31#28
27 28 30 31#27,28,29,30,31#29
27 28 29 31#27,28,29,30,31#30
28 30 31 32#28,29,30,31,32#29
28 29 31 32#28,29,30,31,32#30
28 29 30 32#28,29,30,31,32#31
29 31 32 33#29,30,31,32,33#30
29 30 32 33#29,30,31,32,33#31
29 30 31 33#29,30,31,32,33#32
30 32 33 34#30,31,32,33,34#31
30 31 33 34#30,31,32,33,34#32
30 31 32 34#30,31,32,33,34#33
26 28 29 30#26,27,28,29,30#27
26 27 29 30#26,27,28,29,30#28
26 27 28 30#26,27,28,29,30#29
27 29 30 31#27,28,29,30,31#28
27 28 30 31#27,28,29,30,31#29
27 28 29 31#27,28,29,30,31#30
28 30 31 32#28,29,30,31,32#29
28 29 31 32#28,29,30,31,32#30
28 29 30 32#28,29,30,31,32#31
29 31 32 33#29,30,31,32,33#30
29 30 32 33#29,30,31,32,33#31
29 30 31 33#29,30,31,32,33#32
30 32 33 34#30,31,32,33,34#31
30 31 33 34#30,31,32,33,34#32
30 31 32 34#30,31,32,33,34#33
31 33 34 35#31,32,33,34,35#32
31 32 34 35#31,32,33,34,35#33
31 32 33 35#31,32,33,34,35#34
27 29 30 31#27,28,29,30,31#28
27 28 30 31#27,28,29,30,31#29
27 28 29 31#27,28,29,30,31#30
28 30 31 32#28,29,30,31,32#29
28 29 31 32#28,29,30,31,32#30
28 29 30 32#28,29,30,31,32#31
29 31 32 33#29,30,31,32,33#30
29 30 32 33#29,30,31,32,33#31
29 30 31 33#29,30,31,32,33#32
30 32 33 34#30,31,32,33,34#31
30 31 33 34#30,31,32,33,34#32
30 31 32 34#30,31,32,33,34#33
31 33 34 35#31,32,33,34,35#32
31 32 34 35#31,32,33,34,35#33
31 32 33 35#31,32,33,34,35#34
32 34 35 36#32,33,34,35,36#33
32 33 35 36#32,33,34,35,36#34
32 33 34 36#32,33,34,35,36#35
28 30 31 32#28,29,30,31,32#29
28 29 31 32#28,29,30,31,32#30
28 29 30 32#28,29,30,31,32#31
29 31 32 33#29,30,31,32,33#30
29 30 32 33#29,30,31,32,33#31
29 30 31 33#29,30,31,32,33#32
30 32 33 34#30,31,32,33,34#31
30 31 33 34#30,31,32,33,34#32
30 31 32 34#30,31,32,33,34#33
31 33 34 35#31,32,33,34,35#32
31 32 34 35#31,32,33,34,35#33
31 32 33 35#31,32,33,34,35#34
32 34 35 36#32,33,34,35,36#33
32 33 35 36#32,33,34,35,36#34
32 33 34 36#32,33,34,35,36#35
33 35 36 37#33,34,35,36,37#34
33 34 36 37#33,34,35,36,37#35
33 34 35 37#33,34,35,36,37#36
29 31 32 33#29,30,31,32,33#30
29 30 32 33#29,30,31,32,33#31
29 30 31 33#29,30,31,32,33#32
30 32 33 34#30,31,32,33,34#31
30 31 33 34#30,31,32,33,34#32
30 31 32 34#30,31,32,33,34#33
31 33 34 35#31,32,33,34,35#32
31 32 34 35#31,32,33,34,35#33
31 32 33 35#31,32,33,34,35#34
32 34 35 36#32,33,34,35,36#33
32 33 35 36#32,33,34,35,36#34
32 33 34 36#32,33,34,35,36#35
33 35 36 37#33,34,35,36,37#34
33 34 36 37#33,34,35,36,37#35
33 34 35 37#33,34,35,36,37#36
34 36 37 38#34,35,36,37,38#35
34 35 37 38#34,35,36,37,38#36
34 35 36 38#34,35,36,37,38#37
30 32 33 34#30,31,32,33,34#31
30 31 33 34#30,31,32,33,34#32
30 31 32 34#30,31,32,33,34#33
31 33 34 35#31,32,33,34,35#32
31 32 34 35#31,32,33,34,35#33
31 32 33 35#31,32,33,34,35#34
32 34 35 36#32,33,34,35,36#33
32 33 35 36#32,33,34,35,36#34
32 33 34 36#32,33,34,35,36#35
33 35 36 37#33,34,35,36,37#34
33 34 36 37#33,34,35,36,37#35
33 34 35 37#33,34,35,36,37#36
34 36 37 38#34,35,36,37,38#35
34 35 37 38#34,35,36,37,38#36
34 35 36 38#34,35,36,37,38#37
35 37 38 39#35,36,37,38,39#36
35 36 38 39#35,36,37,38,39#37
35 36 37 39#35,36,37,38,39#38
31 33 34 35#31,32,33,34,35#32
31 32 34 35#31,32,33,34,35#33
31 32 33 35#31,32,33,34,35#34
32 34 35 36#32,33,34,35,36#33
32 33 35 36#32,33,34,35,36#34
32 33 34 36#32,33,34,35,36#35
33 35 36 37#33,34,35,36,37#34
33 34 36 37#33,34,35,36,37#35
33 34 35 37#33,34,35,36,37#36
34 36 37 38#34,35,36,37,38#35
34 35 37 38#34,35,36,37,38#36
34 35 36 38#34,35,36,37,38#37
35 37 38 39#35,36,37,38,39#36
35 36 38 39#35,36,37,38,39#37
35 36 37 39#35,36,37,38,39#38
36 38 39 40#36,37,38,39,40#37
36 37 39 40#36,37,38,39,40#38
36 37 38 40#36,37,38,39,40#39
32 34 35 36#32,33,34,35,36#33
32 33 35 36#32,33,34,35,36#34
32 33 34 36#32,33,34,35,36#35
33 35 36 37#33,34,35,36,37#34
33 34 36 37#33,34,35,36,37#35
33 34 35 37#33,34,35,36,37#36
34 36 37 38#34,35,36,37,38#35
34 35 37 38#34,35,36,37,38#36
34 35 36 38#34,35,36,37,38#37
35 37 38 39#35,36,37,38,39#36
35 36 38 39#35,36,37,38,39#37
35 36 37 39#35,36,37,38,39#38
36 38 39 40#36,37,38,39,40#37
36 37 39 40#36,37,38,39,40#38
36 37 38 40#36,37,38,39,40#39
37 39 40 41#37,38,39,40,41#38
37 38 40 41#37,38,39,40,41#39
37 38 39 41#37,38,39,40,41#40
33 35 36 37#33,34,35,36,37#34
33 34 36 37#33,34,35,36,37#35
33 34 35 37#33,34,35,36,37#36
34 36 37 38#34,35,36,37,38#35
34 35 37 38#34,35,36,37,38#36
34 35 36 38#34,35,36,37,38#37
35 37 38 39#35,36,37,38,39#36
35 36 38 39#35,36,37,38,39#37
35 36 37 39#35,36,37,38,39#38
36 38 39 40#36,37,38,39,40#37
36 37 39 40#36,37,38,39,40#38
36 37 38 40#36,37,38,39,40#39
37 39 40 41#37,38,39,40,41#38
37 38 40 41#37,38,39,40,41#39
37 38 39 41#37,38,39,40,41#40
38 40 41 42#38,39,40,41,42#39
38 39 41 42#38,39,40,41,42#40
38 39 40 42#38,39,40,41,42#41
34 36 37 38#34,35,36,37,38#35
34 35 37 38#34,35,36,37,38#36
34 35 36 38#34,35,36,37,38#37
35 37 38 39#35,36,37,38,39#36
35 36 38 39#35,36,37,38,39#37
35 36 37 39#35,36,37,38,39#38
36 38 39 40#36,37,38,39,40#37
36 37 39 40#36,37,38,39,40#38
36 37 38 40#36,37,38,39,40#39
37 39 40 41#37,38,39,40,41#38
37 38 40 41#37,38,39,40,41#39
37 38 39 41#37,38,39,40,41#40
38 40 41 42#38,39,40,41,42#39
38 39 41 42#38,39,40,41,42#40
38 39 40 42#38,39,40,41,42#41
39 41 42 43#39,40,41,42,43#40
39 40 42 43#39,40,41,42,43#41
39 40 41 43#39,40,41,42,43#42
35 37 38 39#35,36,37,38,39#36
35 36 38 39#35,36,37,38,39#37
35 36 37 39#35,36,37,38,39#38
36 38 39 40#36,37,38,39,40#37
36 37 39 40#36,37,38,39,40#38
36 37 38 40#36,37,38,39,40#39
37 39 40 41#37,38,39,40,41#38
37 38 40 41#37,38,39,40,41#39
37 38 39 41#37,38,39,40,41#40
38 40 41 42#38,39,40,41,42#39
38 39 41 42#38,39,40,41,42#40
38 39 40 42#38,39,40,41,42#41
39 41 42 43#39,40,41,42,43#40
39 40 42 43#39,40,41,42,43#41
39 40 41 43#39,40,41,42,43#42
40 42 43 44#40,41,42,43,44#41
40 41 43 44#40,41,42,43,44#42
40 41 42 44#40,41,42,43,44#43
36 38 39 40#36,37,38,39,40#37
36 37 39 40#36,37,38,39,40#38
36 37 38 40#36,37,38,39,40#39
37 39 40 41#37,38,39,40,41#38
37 38 40 41#37,38,39,40,41#39
37 38 39 41#37,38,39,40,41#40
38 40 41 42#38,39,40,41,42#39
38 39 41 42#38,39,40,41,42#40
38 39 40 42#38,39,40,41,42#41
39 41 42 43#39,40,41,42,43#40
39 40 42 43#39,40,41,42,43#41
39 40 41 43#39,40,41,42,43#42
40 42 43 44#40,41,42,43,44#41
40 41 43 44#40,41,42,43,44#42
40 41 42 44#40,41,42,43,44#43
41 43 44 45#41,42,43,44,45#42
41 42 44 45#41,42,43,44,45#43
41 42 43 45#41,42,43,44,45#44
37 39 40 41#37,38,39,40,41#38
37 38 40 41#37,38,39,40,41#39
37 38 39 41#37,38,39,40,41#40
38 40 41 42#38,39,40,41,42#39
38 39 41 42#38,39,40,41,42#40
38 39 40 42#38,39,40,41,42#41
39 41 42 43#39,40,41,42,43#40
39 40 42 43#39,40,41,42,43#41
39 40 41 43#39,40,41,42,43#42
40 42 43 44#40,41,42,43,44#41
40 41 43 44#40,41,42,43,44#42
40 41 42 44#40,41,42,43,44#43
41 43 44 45#41,42,43,44,45#42
41 42 44 45#41,42,43,44,45#43
41 42 43 45#41,42,43,44,45#44
42 44 45 46#42,43,44,45,46#43
42 43 45 46#42,43,44,45,46#44
42 43 44 46#42,43,44,45,46#45
38 40 41 42#38,39,40,41,42#39
38 39 41 42#38,39,40,41,42#40
38 39 40 42#38,39,40,41,42#41
39 41 42 43#39,40,41,42,43#40
39 40 42 43#39,40,41,42,43#41
39 40 41 43#39,40,41,42,43#42
40 42 43 44#40,41,42,43,44#41
40 41 43 44#40,41,42,43,44#42
40 41 42 44#40,41,42,43,44#43
41 43 44 45#41,42,43,44,45#42
41 42 44 45#41,42,43,44,45#43
41 42 43 45#41,42,43,44,45#44
42 44 45 46#42,43,44,45,46#43
42 43 45 46#42,43,44,45,46#44
42 43 44 46#42,43,44,45,46#45
43 45 46 47#43,44,45,46,47#44
43 44 46 47#43,44,45,46,47#45
43 44 45 47#43,44,45,46,47#46
39 41 42 43#39,40,41,42,43#40
39 40 42 43#39,40,41,42,43#41
39 40 41 43#39,40,41,42,43#42
40 42 43 44#40,41,42,43,44#41
40 41 43 44#40,41,42,43,44#42
40 41 42 44#40,41,42,43,44#43
41 43 44 45#41,42,43,44,45#42
41 42 44 45#41,42,43,44,45#43
41 42 43 45#41,42,43,44,45#44
42 44 45 46#42,43,44,45,46#43
42 43 45 46#42,43,44,45,46#44
42 43 44 46#42,43,44,45,46#45
43 45 46 47#43,44,45,46,47#44
43 44 46 47#43,44,45,46,47#45
43 44 45 47#43,44,45,46,47#46
44 46 47 48#44,45,46,47,48#45
44 45 47 48#44,45,46,47,48#46
44 45 46 48#44,45,46,47,48#47
40 42 43 44#40,41,42,43,44#41
40 41 43 44#40,41,42,43,44#42
40 41 42 44#40,41,42,43,44#43
41 43 44 45#41,42,43,44,45#42
41 42 44 45#41,42,43,44,45#43
41 42 43 45#41,42,43,44,45#44
42 44 45 46#42,43,44,45,46#43
42 43 45 46#42,43,44,45,46#44
42 43 44 46#42,43,44,45,46#45
43 45 46 47#43,44,45,46,47#44
43 44 46 47#43,44,45,46,47#45
43 44 45 47#43,44,45,46,47#46
44 46 47 48#44,45,46,47,48#45
44 45 47 48#44,45,46,47,48#46
44 45 46 48#44,45,46,47,48#47
45 47 48 49#45,46,47,48,49#46
45 46 48 49#45,46,47,48,49#47
45 46 47 49#45,46,47,48,49#48
41 43 44 45#41,42,43,44,45#42
41 42 44 45#41,42,43,44,45#43
41 42 43 45#41,42,43,44,45#44
42 44 45 46#42,43,44,45,46#43
42 43 45 46#42,43,44,45,46#44
42 43 44 46#42,43,44,45,46#45
43 45 46 47#43,44,45,46,47#44
43 44 46 47#43,44,45,46,47#45
43 44 45 47#43,44,45,46,47#46
44 46 47 48#44,45,46,47,48#45
44 45 47 48#44,45,46,47,48#46
44 45 46 48#44,45,46,47,48#47
45 47 48 49#45,46,47,48,49#46
45 46 48 49#45,46,47,48,49#47
45 46 47 49#45,46,47,48,49#48
46 48 49 50#46,47,48,49,50#47
46 47 49 50#46,47,48,49,50#48
46 47 48 50#46,47,48,49,50#49
42 44 45 46#42,43,44,45,46#43
42 43 45 46#42,43,44,45,46#44
42 43 44 46#42,43,44,45,46#45
43 45 46 47#43,44,45,46,47#44
43 44 46 47#43,44,45,46,47#45
43 44 45 47#43,44,45,46,47#46
44 46 47 48#44,45,46,47,48#45
44 45 47 48#44,45,46,47,48#46
44 45 46 48#44,45,46,47,48#47
45 47 48 49#45,46,47,48,49#46
45 46 48 49#45,46,47,48,49#47
45 46 47 49#45,46,47,48,49#48
46 48 49 50#46,47,48,49,50#47
46 47 49 50#46,47,48,49,50#48
46 47 48 50#46,47,48,49,50#49
47 49 50 51#47,48,49,50,51#48
47 48 50 51#47,48,49,50,51#49
47 48 49 51#47,48,49,50,51#50
43 45 46 47#43,44,45,46,47#44
43 44 46 47#43,44,45,46,47#45
43 44 45 47#43,44,45,46,47#46
44 46 47 48#44,45,46,47,48#45
44 45 47 48#44,45,46,47,48#46
44 45 46 48#44,45,46,47,48#47
45 47 48 49#45,46,47,48,49#46
45 46 48 49#45,46,47,48,49#47
45 46 47 49#45,46,47,48,49#48
46 48 49 50#46,47,48,49,50#47
46 47 49 50#46,47,48,49,50#48
46 47 48 50#46,47,48,49,50#49
47 49 50 51#47,48,49,50,51#48
47 48 50 51#47,48,49,50,51#49
47 48 49 51#47,48,49,50,51#50
48 50 51 52#48,49,50,51,52#49
48 49 51 52#48,49,50,51,52#50
48 49 50 52#48,49,50,51,52#51
44 46 47 48#44,45,46,47,48#45
44 45 47 48#44,45,46,47,48#46
44 45 46 48#44,45,46,47,48#47
45 47 48 49#45,46,47,48,49#46
45 46 48 49#45,46,47,48,49#47
45 46 47 49#45,46,47,48,49#48
46 48 49 50#46,47,48,49,50#47
46 47 49 50#46,47,48,49,50#48
46 47 48 50#46,47,48,49,50#49
47 49 50 51#47,48,49,50,51#48
47 48 50 51#47,48,49,50,51#49
47 48 49 51#47,48,49,50,51#50
48 50 51 52#48,49,50,51,52#49
48 49 51 52#48,49,50,51,52#50
48 49 50 52#48,49,50,51,52#51
49 51 52 53#49,50,51,52,53#50
49 50 52 53#49,50,51,52,53#51
49 50 51 53#49,50,51,52,53#52
45 47 48 49#45,46,47,48,49#46
45 46 48 49#45,46,47,48,49#47
45 46 47 49#45,46,47,48,49#48
46 48 49 50#46,47,48,49,50#47
46 47 49 50#46,47,48,49,50#48
46 47 48 50#46,47,48,49,50#49
47 49 50 51#47,48,49,50,51#48
47 48 50 51#47,48,49,50,51#49
47 48 49 51#47,48,49,50,51#50
48 50 51 52#48,49,50,51,52#49
48 49 51 52#48,49,50,51,52#50
48 49 50 52#48,49,50,51,52#51
49 51 52 53#49,50,51,52,53#50
49 50 52 53#49,50,51,52,53#51
49 50 51 53#49,50,51,52,53#52
50 52 53 54#50,51,52,53,54#51
50 51 53 54#50,51,52,53,54#52
50 51 52 54#50,51,52,53,54#53
46 48 49 50#46,47,48,49,50#47
46 47 49 50#46,47,48,49,50#48
46 47 48 50#46,47,48,49,50#49
47 49 50 51#47,48,49,50,51#48
47 48 50 51#47,48,49,50,51#49
47 48 49 51#47,48,49,50,51#50
48 50 51 52#48,49,50,51,52#49
48 49 51 52#48,49,50,51,52#50
48 49 50 52#48,49,50,51,52#51
49 51 52 53#49,50,51,52,53#50
49 50 52 53#49,50,51,52,53#51
49 50 51 53#49,50,51,52,53#52
50 52 53 54#50,51,52,53,54#51
50 51 53 54#50,51,52,53,54#52
50 51 52 54#50,51,52,53,54#53
51 53 54 55#51,52,53,54,55#52
51 52 54 55#51,52,53,54,55#53
51 52 53 55#51,52,53,54,55#54
47 49 50 51#47,48,49,50,51#48
47 48 50 51#47,48,49,50,51#49
47 48 49 51#47,48,49,50,51#50
48 50 51 52#48,49,50,51,52#49
48 49 51 52#48,49,50,51,52#50
48 49 50 52#48,49,50,51,52#51
49 51 52 53#49,50,51,52,53#50
49 50 52 53#49,50,51,52,53#51
49 50 51 53#49,50,51,52,53#52
50 52 53 54#50,51,52,53,54#51
50 51 53 54#50,51,52,53,54#52
50 51 52 54#50,51,52,53,54#53
51 53 54 55#51,52,53,54,55#52
51 52 54 55#51,52,53,54,55#53
51 52 53 55#51,52,53,54,55#54
52 54 55 56#52,53,54,55,56#53
52 53 55 56#52,53,54,55,56#54
52 53 54 56#52,53,54,55,56#55
48 50 51 52#48,49,50,51,52#49
48 49 51 52#48,49,50,51,52#50
48 49 50 52#48,49,50,51,52#51
49 51 52 53#49,50,51,52,53#50
49 50 52 53#49,50,51,52,53#51
49 50 51 53#49,50,51,52,53#52
50 52 53 54#50,51,52,53,54#51
50 51 53 54#50,51,52,53,54#52
50 51 52 54#50,51,52,53,54#53
51 53 54 55#51,52,53,54,55#52
51 52 54 55#51,52,53,54,55#53
51 52 53 55#51,52,53,54,55#54
52 54 55 56#52,53,54,55,56#53
52 53 55 56#52,53,54,55,56#54
52 53 54 56#52,53,54,55,56#55
53 55 56 57#53,54,55,56,57#54
53 54 56 57#53,54,55,56,57#55
53 54 55 57#53,54,55,56,57#56
49 51 52 53#49,50,51,52,53#50
49 50 52 53#49,50,51,52,53#51
49 50 51 53#49,50,51,52,53#52
50 52 53 54#50,51,52,53,54#51
50 51 53 54#50,51,52,53,54#52
50 51 52 54#50,51,52,53,54#53
51 53 54 55#51,52,53,54,55#52
51 52 54 55#51,52,53,54,55#53
51 52 53 55#51,52,53,54,55#54
52 54 55 56#52,53,54,55,56#53
52 53 55 56#52,53,54,55,56#54
52 53 54 56#52,53,54,55,56#55
53 55 56 57#53,54,55,56,57#54
53 54 56 57#53,54,55,56,57#55
53 54 55 57#53,54,55,56,57#56
54 56 57 58#54,55,56,57,58#55
54 55 57 58#54,55,56,57,58#56
54 55 56 58#54,55,56,57,58#57
50 52 53 54#50,51,52,53,54#51
50 51 53 54#50,51,52,53,54#52
50 51 52 54#50,51,52,53,54#53
51 53 54 55#51,52,53,54,55#52
51 52 54 55#51,52,53,54,55#53
51 52 53 55#51,52,53,54,55#54
52 54 55 56#52,53,54,55,56#53
52 53 55 56#52,53,54,55,56#54
52 53 54 56#52,53,54,55,56#55
53 55 56 57#53,54,55,56,57#54
53 54 56 57#53,54,55,56,57#55
53 54 55 57#53,54,55,56,57#56
54 56 57 58#54,55,56,57,58#55
54 55 57 58#54,55,56,57,58#56
54 55 56 58#54,55,56,57,58#57
55 57 58 59#55,56,57,58,59#56
55 56 58 59#55,56,57,58,59#57
55 56 57 59#55,56,57,58,59#58
51 53 54 55#51,52,53,54,55#52
51 52 54 55#51,52,53,54,55#53
51 52 53 55#51,52,53,54,55#54
52 54 55 56#52,53,54,55,56#53
52 53 55 56#52,53,54,55,56#54
52 53 54 56#52,53,54,55,56#55
53 55 56 57#53,54,55,56,57#54
53 54 56 57#53,54,55,56,57#55
53 54 55 57#53,54,55,56,57#56
54 56 57 58#54,55,56,57,58#55
54 55 57 58#54,55,56,57,58#56
54 55 56 58#54,55,56,57,58#57
55 57 58 59#55,56,57,58,59#56
55 56 58 59#55,56,57,58,59#57
55 56 57 59#55,56,57,58,59#58
56 58 59 60#56,57,58,59,60#57
56 57 59 60#56,57,58,59,60#58
56 57 58 60#56,57,58,59,60#59
52 54 55 56#52,53,54,55,56#53
52 53 55 56#52,53,54,55,56#54
52 53 54 56#52,53,54,55,56#55
53 55 56 57#53,54,55,56,57#54
53 54 56 57#53,54,55,56,57#55
53 54 55 57#53,54,55,56,57#56
54 56 57 58#54,55,56,57,58#55
54 55 57 58#54,55,56,57,58#56
54 55 56 58#54,55,56,57,58#57
55 57 58 59#55,56,57,58,59#56
55 56 58 59#55,56,57,58,59#57
55 56 57 59#55,56,57,58,59#58
56 58 59 60#56,57,58,59,60#57
56 57 59 60#56,57,58,59,60#58
56 57 58 60#56,57,58,59,60#59
57 59 60 61#57,58,59,60,61#58
57 58 60 61#57,58,59,60,61#59
57 58 59 61#57,58,59,60,61#60
53 55 56 57#53,54,55,56,57#54
53 54 56 57#53,54,55,56,57#55
53 54 55 57#53,54,55,56,57#56
54 56 57 58#54,55,56,57,58#55
54 55 57 58#54,55,56,57,58#56
54 55 56 58#54,55,56,57,58#57
55 57 58 59#55,56,57,58,59#56
55 56 58 59#55,56,57,58,59#57
55 56 57 59#55,56,57,58,59#58
56 58 59 60#56,57,58,59,60#57
56 57 59 60#56,57,58,59,60#58
56 57 58 60#56,57,58,59,60#59
57 59 60 61#57,58,59,60,61#58
57 58 60 61#57,58,59,60,61#59
57 58 59 61#57,58,59,60,61#60
58 60 61 62#58,59,60,61,62#59
58 59 61 62#58,59,60,61,62#60
58 59 60 62#58,59,60,61,62#61
54 56 57 58#54,55,56,57,58#55
54 55 57 58#54,55,56,57,58#56
54 55 56 58#54,55,56,57,58#57
55 57 58 59#55,56,57,58,59#56
55 56 58 59#55,56,57,58,59#57
55 56 57 59#55,56,57,58,59#58
56 58 59 60#56,57,58,59,60#57
56 57 59 60#56,57,58,59,60#58
56 57 58 60#56,57,58,59,60#59
57 59 60 61#57,58,59,60,61#58
57 58 60 61#57,58,59,60,61#59
57 58 59 61#57,58,59,60,61#60
58 60 61 62#58,59,60,61,62#59
58 59 61 62#58,59,60,61,62#60
58 59 60 62#58,59,60,61,62#61
59 61 62 63#59,60,61,62,63#60
59 60 62 63#59,60,61,62,63#61
59 60 61 63#59,60,61,62,63#62
55 57 58 59#55,56,57,58,59#56
55 56 58 59#55,56,57,58,59#57
55 56 57 59#55,56,57,58,59#58
56 58 59 60#56,57,58,59,60#57
56 57 59 60#56,57,58,59,60#58
56 57 58 60#56,57,58,59,60#59
57 59 60 61#57,58,59,60,61#58
57 58 60 61#57,58,59,60,61#59
57 58 59 61#57,58,59,60,61#60
58 60 61 62#58,59,60,61,62#59
58 59 61 62#58,59,60,61,62#60
58 59 60 62#58,59,60,61,62#61
59 61 62 63#59,60,61,62,63#60
59 60 62 63#59,60,61,62,63#61
59 60 61 63#59,60,61,62,63#62
60 62 63 64#60,61,62,63,64#61
60 61 63 64#60,61,62,63,64#62
60 61 62 64#60,61,62,63,64#63
56 58 59 60#56,57,58,59,60#57
56 57 59 60#56,57,58,59,60#58
56 57 58 60#56,57,58,59,60#59
57 59 60 61#57,58,59,60,61#58
57 58 60 61#57,58,59,60,61#59
57 58 59 61#57,58,59,60,61#60
58 60 61 62#58,59,60,61,62#59
58 59 61 62#58,59,60,61,62#60
58 59 60 62#58,59,60,61,62#61
59 61 62 63#59,60,61,62,63#60
59 60 62 63#59,60,61,62,63#61
59 60 61 63#59,60,61,62,63#62
60 62 63 64#60,61,62,63,64#61
60 61 63 64#60,61,62,63,64#62
60 61 62 64#60,61,62,63,64#63
61 63 64 65#61,62,63,64,65#62
61 62 64 65#61,62,63,64,65#63
61 62 63 65#61,62,63,64,65#64
57 59 60 61#57,58,59,60,61#58
57 58 60 61#57,58,59,60,61#59
57 58 59 61#57,58,59,60,61#60
58 60 61 62#58,59,60,61,62#59
58 59 61 62#58,59,60,61,62#60
58 59 60 62#58,59,60,61,62#61
59 61 62 63#59,60,61,62,63#60
59 60 62 63#59,60,61,62,63#61
59 60 61 63#59,60,61,62,63#62
60 62 63 64#60,61,62,63,64#61
60 61 63 64#60,61,62,63,64#62
60 61 62 64#60,61,62,63,64#63
61 63 64 65#61,62,63,64,65#62
61 62 64 65#61,62,63,64,65#63
61 62 63 65#61,62,63,64,65#64
62 64 65 66#62,63,64,65,66#63
62 63 65 66#62,63,64,65,66#64
62 63 64 66#62,63,64,65,66#65
58 60 61 62#58,59,60,61,62#59
58 59 61 62#58,59,60,61,62#60
58 59 60 62#58,59,60,61,62#61
59 61 62 63#59,60,61,62,63#60
59 60 62 63#59,60,61,62,63#61
59 60 61 63#59,60,61,62,63#62
60 62 63 64#60,61,62,63,64#61
60 61 63 64#60,61,62,63,64#62
60 61 62 64#60,61,62,63,64#63
61 63 64 65#61,62,63,64,65#62
61 62 64 65#61,62,63,64,65#63
61 62 63 65#61,62,63,64,65#64
62 64 65 66#62,63,64,65,66#63
62 63 65 66#62,63,64,65,66#64
62 63 64 66#62,63,64,65,66#65
63 65 66 67#63,64,65,66,67#64
63 64 66 67#63,64,65,66,67#65
63 64 65 67#63,64,65,66,67#66
59 61 62 63#59,60,61,62,63#60
59 60 62 63#59,60,61,62,63#61
59 60 61 63#59,60,61,62,63#62
60 62 63 64#60,61,62,63,64#61
60 61 63 64#60,61,62,63,64#62
60 61 62 64#60,61,62,63,64#63
61 63 64 65#61,62,63,64,65#62
61 62 64 65#61,62,63,64,65#63
61 62 63 65#61,62,63,64,65#64
62 64 65 66#62,63,64,65,66#63
62 63 65 66#62,63,64,65,66#64
62 63 64 66#62,63,64,65,66#65
63 65 66 67#63,64,65,66,67#64
63 64 66 67#63,64,65,66,67#65
63 64 65 67#63,64,65,66,67#66
64 66 67 68#64,65,66,67,68#65
64 65 67 68#64,65,66,67,68#66
64 65 66 68#64,65,66,67,68#67
60 62 63 64#60,61,62,63,64#61
60 61 63 64#60,61,62,63,64#62
60 61 62 64#60,61,62,63,64#63
61 63 64 65#61,62,63,64,65#62
61 62 64 65#61,62,63,64,65#63
61 62 63 65#61,62,63,64,65#64
62 64 65 66#62,63,64,65,66#63
62 63 65 66#62,63,64,65,66#64
62 63 64 66#62,63,64,65,66#65
63 65 66 67#63,64,65,66,67#64
63 64 66 67#63,64,65,66,67#65
63 64 65 67#63,64,65,66,67#66
64 66 67 68#64,65,66,67,68#65
64 65 67 68#64,65,66,67,68#66
64 65 66 68#64,65,66,67,68#67
65 67 68 69#65,66,67,68,69#66
65 66 68 69#65,66,67,68,69#67
65 66 67 69#65,66,67,68,69#68
61 63 64 65#61,62,63,64,65#62
61 62 64 65#61,62,63,64,65#63
61 62 63 65#61,62,63,64,65#64
62 64 65 66#62,63,64,65,66#63
62 63 65 66#62,63,64,65,66#64
62 63 64 66#62,63,64,65,66#65
63 65 66 67#63,64,65,66,67#64
63 64 66 67#63,64,65,66,67#65
63 64 65 67#63,64,65,66,67#66
64 66 67 68#64,65,66,67,68#65
64 65 67 68#64,65,66,67,68#66
64 65 66 68#64,65,66,67,68#67
65 67 68 69#65,66,67,68,69#66
65 66 68 69#65,66,67,68,69#67
65 66 67 69#65,66,67,68,69#68
66 68 69 70#66,67,68,69,70#67
66 67 69 70#66,67,68,69,70#68
66 67 68 70#66,67,68,69,70#69
62 64 65 66#62,63,64,65,66#63
62 63 65 66#62,63,64,65,66#64
62 63 64 66#62,63,64,65,66#65
63 65 66 67#63,64,65,66,67#64
63 64 66 67#63,64,65,66,67#65
63 64 65 67#63,64,65,66,67#66
64 66 67 68#64,65,66,67,68#65
64 65 67 68#64,65,66,67,68#66
64 65 66 68#64,65,66,67,68#67
65 67 68 69#65,66,67,68,69#66
65 66 68 69#65,66,67,68,69#67
65 66 67 69#65,66,67,68,69#68
66 68 69 70#66,67,68,69,70#67
66 67 69 70#66,67,68,69,70#68
66 67 68 70#66,67,68,69,70#69
67 69 70 71#67,68,69,70,71#68
67 68 70 71#67,68,69,70,71#69
67 68 69 71#67,68,69,70,71#70
63 65 66 67#63,64,65,66,67#64
63 64 66 67#63,64,65,66,67#65
63 64 65 67#63,64,65,66,67#66
64 66 67 68#64,65,66,67,68#65
64 65 67 68#64,65,66,67,68#66
64 65 66 68#64,65,66,67,68#67
65 67 68 69#65,66,67,68,69#66
65 66 68 69#65,66,67,68,69#67
65 66 67 69#65,66,67,68,69#68
66 68 69 70#66,67,68,69,70#67
66 67 69 70#66,67,68,69,70#68
66 67 68 70#66,67,68,69,70#69
67 69 70 71#67,68,69,70,71#68
67 68 70 71#67,68,69,70,71#69
67 68 69 71#67,68,69,70,71#70
68 70 71 72#68,69,70,71,72#69
68 69 71 72#68,69,70,71,72#70
68 69 70 72#68,69,70,71,72#71
64 66 67 68#64,65,66,67,68#65
64 65 67 68#64,65,66,67,68#66
64 65 66 68#64,65,66,67,68#67
65 67 68 69#65,66,67,68,69#66
65 66 68 69#65,66,67,68,69#67
65 66 67 69#65,66,67,68,69#68
66 68 69 70#66,67,68,69,70#67
66 67 69 70#66,67,68,69,70#68
66 67 68 70#66,67,68,69,70#69
67 69 70 71#67,68,69,70,71#68
67 68 70 71#67,68,69,70,71#69
67 68 69 71#67,68,69,70,71#70
68 70 71 72#68,69,70,71,72#69
68 69 71 72#68,69,70,71,72#70
68 69 70 72#68,69,70,71,72#71
69 71 72 73#69,70,71,72,73#70
69 70 72 73#69,70,71,72,73#71
69 70 71 73#69,70,71,72,73#72
65 67 68 69#65,66,67,68,69#66
65 66 68 69#65,66,67,68,69#67
65 66 67 69#65,66,67,68,69#68
66 68 69 70#66,67,68,69,70#67
66 67 69 70#66,67,68,69,70#68
66 67 68 70#66,67,68,69,70#69
67 69 70 71#67,68,69,70,71#68
67 68 70 71#67,68,69,70,71#69
67 68 69 71#67,68,69,70,71#70
68 70 71 72#68,69,70,71,72#69
68 69 71 72#68,69,70,71,72#70
68 69 70 72#68,69,70,71,72#71
69 71 72 73#69,70,71,72,73#70
69 70 72 73#69,70,71,72,73#71
69 70 71 73#69,70,71,72,73#72
70 72 73 74#70,71,72,73,74#71
70 71 73 74#70,71,72,73,74#72
70 71 72 74#70,71,72,73,74#73
66 68 69 70#66,67,68,69,70#67
66 67 69 70#66,67,68,69,70#68
66 67 68 70#66,67,68,69,70#69
67 69 70 71#67,68,69,70,71#68
67 68 70 71#67,68,69,70,71#69
67 68 69 71#67,68,69,70,71#70
68 70 71 72#68,69,70,71,72#69
68 69 71 72#68,69,70,71,72#70
68 69 70 72#68,69,70,71,72#71
69 71 72 73#69,70,71,72,73#70
69 70 72 73#69,70,71,72,73#71
69 70 71 73#69,70,71,72,73#72
70 72 73 74#70,71,72,73,74#71
70 71 73 74#70,71,72,73,74#72
70 71 72 74#70,71,72,73,74#73
71 73 74 75#71,72,73,74,75#72
71 72 74 75#71,72,73,74,75#73
71 72 73 75#71,72,73,74,75#74
67 69 70 71#67,68,69,70,71#68
67 68 70 71#67,68,69,70,71#69
67 68 69 71#67,68,69,70,71#70
68 70 71 72#68,69,70,71,72#69
68 69 71 72#68,69,70,71,72#70
68 69 70 72#68,69,70,71,72#71
69 71 72 73#69,70,71,72,73#70
69 70 72 73#69,70,71,72,73#71
69 70 71 73#69,70,71,72,73#72
70 72 73 74#70,71,72,73,74#71
70 71 73 74#70,71,72,73,74#72
70 71 72 74#70,71,72,73,74#73
71 73 74 75#71,72,73,74,75#72
71 72 74 75#71,72,73,74,75#73
71 72 73 75#71,72,73,74,75#74
72 74 75 76#72,73,74,75,76#73
72 73 75 76#72,73,74,75,76#74
72 73 74 76#72,73,74,75,76#75
68 70 71 72#68,69,70,71,72#69
68 69 71 72#68,69,70,71,72#70
68 69 70 72#68,69,70,71,72#71
69 71 72 73#69,70,71,72,73#70
69 70 72 73#69,70,71,72,73#71
69 70 71 73#69,70,71,72,73#72
70 72 73 74#70,71,72,73,74#71
70 71 73 74#70,71,72,73,74#72
70 71 72 74#70,71,72,73,74#73
71 73 74 75#71,72,73,74,75#72
71 72 74 75#71,72,73,74,75#73
71 72 73 75#71,72,73,74,75#74
72 74 75 76#72,73,74,75,76#73
72 73 75 76#72,73,74,75,76#74
72 73 74 76#72,73,74,75,76#75
73 75 76 77#73,74,75,76,77#74
73 74 76 77#73,74,75,76,77#75
73 74 75 77#73,74,75,76,77#76
69 71 72 73#69,70,71,72,73#70
69 70 72 73#69,70,71,72,73#71
69 70 71 73#69,70,71,72,73#72
70 72 73 74#70,71,72,73,74#71
70 71 73 74#70,71,72,73,74#72
70 71 72 74#70,71,72,73,74#73
71 73 74 75#71,72,73,74,75#72
71 72 74 75#71,72,73,74,75#73
71 72 73 75#71,72,73,74,75#74
72 74 75 76#72,73,74,75,76#73
72 73 75 76#72,73,74,75,76#74
72 73 74 76#72,73,74,75,76#75
73 75 76 77#73,74,75,76,77#74
73 74 76 77#73,74,75,76,77#75
73 74 75 77#73,74,75,76,77#76
74 76 77 78#74,75,76,77,78#75
74 75 77 78#74,75,76,77,78#76
74 75 76 78#74,75,76,77,78#77
70 72 73 74#70,71,72,73,74#71
70 71 73 74#70,71,72,73,74#72
70 71 72 74#70,71,72,73,74#73
71 73 74 75#71,72,73,74,75#72
71 72 74 75#71,72,73,74,75#73
71 72 73 75#71,72,73,74,75#74
72 74 75 76#72,73,74,75,76#73
72 73 75 76#72,73,74,75,76#74
72 73 74 76#72,73,74,75,76#75
73 75 76 77#73,74,75,76,77#74
73 74 76 77#73,74,75,76,77#75
73 74 75 77#73,74,75,76,77#76
74 76 77 78#74,75,76,77,78#75
74 75 77 78#74,75,76,77,78#76
74 75 76 78#74,75,76,77,78#77
75 77 78 79#75,76,77,78,79#76
75 76 78 79#75,76,77,78,79#77
75 76 77 79#75,76,77,78,79#78
71 73 74 75#71,72,73,74,75#72
71 72 74 75#71,72,73,74,75#73
71 72 73 75#71,72,73,74,75#74
72 74 75 76#72,73,74,75,76#73
72 73 75 76#72,73,74,75,76#74
72 73 74 76#72,73,74,75,76#75
73 75 76 77#73,74,75,76,77#74
73 74 76 77#73,74,75,76,77#75
73 74 75 77#73,74,75,76,77#76
74 76 77 78#74,75,76,77,78#75
74 75 77 78#74,75,76,77,78#76
74 75 76 78#74,75,76,77,78#77
75 77 78 79#75,76,77,78,79#76
75 76 78 79#75,76,77,78,79#77
75 76 77 79#75,76,77,78,79#78
76 78 79 80#76,77,78,79,80#77
76 77 79 80#76,77,78,79,80#78
76 77 78 80#76,77,78,79,80#79
72 74 75 76#72,73,74,75,76#73
72 73 75 76#72,73,74,75,76#74
72 73 74 76#72,73,74,75,76#75
73 75 76 77#73,74,75,76,77#74
73 74 76 77#73,74,75,76,77#75
73 74 75 77#73,74,75,76,77#76
74 76 77 78#74,75,76,77,78#75
74 75 77 78#74,75,76,77,78#76
74 75 76 78#74,75,76,77,78#77
75 77 78 79#75,76,77,78,79#76
75 76 78 79#75,76,77,78,79#77
75 76 77 79#75,76,77,78,79#78
76 78 79 80#76,77,78,79,80#77
76 77 79 80#76,77,78,79,80#78
76 77 78 80#76,77,78,79,80#79
77 79 80 81#77,78,79,80,81#78
77 78 80 81#77,78,79,80,81#79
77 78 79 81#77,78,79,80,81#80
73 75 76 77#73,74,75,76,77#74
73 74 76 77#73,74,75,76,77#75
73 74 75 77#73,74,75,76,77#76
74 76 77 78#74,75,76,77,78#75
74 75 77 78#74,75,76,77,78#76
74 75 76 78#74,75,76,77,78#77
75 77 78 79#75,76,77,78,79#76
75 76 78 79#75,76,77,78,79#77
75 76 77 79#75,76,77,78,79#78
76 78 79 80#76,77,78,79,80#77
76 77 79 80#76,77,78,79,80#78
76 77 78 80#76,77,78,79,80#79
77 79 80 81#77,78,79,80,81#78
77 78 80 81#77,78,79,80,81#79
77 78 79 81#77,78,79,80,81#80
78 80 81 82#78,79,80,81,82#79
78 79 81 82#78,79,80,81,82#80
78 79 80 82#78,79,80,81,82#81
74 76 77 78#74,75,76,77,78#75
74 75 77 78#74,75,76,77,78#76
74 75 76 78#74,75,76,77,78#77
75 77 78 79#75,76,77,78,79#76
75 76 78 79#75,76,77,78,79#77
75 76 77 79#75,76,77,78,79#78
76 78 79 80#76,77,78,79,80#77
76 77 79 80#76,77,78,79,80#78
76 77 78 80#76,77,78,79,80#79
77 79 80 81#77,78,79,80,81#78
77 78 80 81#77,78,79,80,81#79
77 78 79 81#77,78,79,80,81#80
78 80 81 82#78,79,80,81,82#79
78 79 81 82#78,79,80,81,82#80
78 79 80 82#78,79,80,81,82#81
79 81 82 83#79,80,81,82,83#80
79 80 82 83#79,80,81,82,83#81
79 80 81 83#79,80,81,82,83#82
75 77 78 79#75,76,77,78,79#76
75 76 78 79#75,76,77,78,79#77
75 76 77 79#75,76,77,78,79#78
76 78 79 80#76,77,78,79,80#77
76 77 79 80#76,77,78,79,80#78
76 77 78 80#76,77,78,79,80#79
77 79 80 81#77,78,79,80,81#78
77 78 80 81#77,78,79,80,81#79
77 78 79 81#77,78,79,80,81#80
78 80 81 82#78,79,80,81,82#79
78 79 81 82#78,79,80,81,82#80
78 79 80 82#78,79,80,81,82#81
79 81 82 83#79,80,81,82,83#80
79 80 82 83#79,80,81,82,83#81
79 80 81 83#79,80,81,82,83#82
80 82 83 84#80,81,82,83,84#81
80 81 83 84#80,81,82,83,84#82
80 81 82 84#80,81,82,83,84#83
76 78 79 80#76,77,78,79,80#77
76 77 79 80#76,77,78,79,80#78
76 77 78 80#76,77,78,79,80#79
77 79 80 81#77,78,79,80,81#78
77 78 80 81#77,78,79,80,81#79
77 78 79 81#77,78,79,80,81#80
78 80 81 82#78,79,80,81,82#79
78 79 81 82#78,79,80,81,82#80
78 79 80 82#78,79,80,81,82#81
79 81 82 83#79,80,81,82,83#80
79 80 82 83#79,80,81,82,83#81
79 80 81 83#79,80,81,82,83#82
80 82 83 84#80,81,82,83,84#81
80 81 83 84#80,81,82,83,84#82
80 81 82 84#80,81,82,83,84#83
81 83 84 85#81,82,83,84,85#82
81 82 84 85#81,82,83,84,85#83
81 82 83 85#81,82,83,84,85#84
77 79 80 81#77,78,79,80,81#78
77 78 80 81#77,78,79,80,81#79
77 78 79 81#77,78,79,80,81#80
78 80 81 82#78,79,80,81,82#79
78 79 81 82#78,79,80,81,82#80
78 79 80 82#78,79,80,81,82#81
79 81 82 83#79,80,81,82,83#80
79 80 82 83#79,80,81,82,83#81
79 80 81 83#79,80,81,82,83#82
80 82 83 84#80,81,82,83,84#81
80 81 83 84#80,81,82,83,84#82
80 81 82 84#80,81,82,83,84#83
81 83 84 85#81,82,83,84,85#82
81 82 84 85#81,82,83,84,85#83
81 82 83 85#81,82,83,84,85#84
82 84 85 86#82,83,84,85,86#83
82 83 85 86#82,83,84,85,86#84
82 83 84 86#82,83,84,85,86#85
78 80 81 82#78,79,80,81,82#79
78 79 81 82#78,79,80,81,82#80
78 79 80 82#78,79,80,81,82#81
79 81 82 83#79,80,81,82,83#80
79 80 82 83#79,80,81,82,83#81
79 80 81 83#79,80,81,82,83#82
80 82 83 84#80,81,82,83,84#81
80 81 83 84#80,81,82,83,84#82
80 81 82 84#80,81,82,83,84#83
81 83 84 85#81,82,83,84,85#82
81 82 84 85#81,82,83,84,85#83
81 82 83 85#81,82,83,84,85#84
82 84 85 86#82,83,84,85,86#83
82 83 85 86#82,83,84,85,86#84
82 83 84 86#82,83,84,85,86#85
83 85 86 87#83,84,85,86,87#84
83 84 86 87#83,84,85,86,87#85
83 84 85 87#83,84,85,86,87#86
79 81 82 83#79,80,81,82,83#80
79 80 82 83#79,80,81,82,83#81
79 80 81 83#79,80,81,82,83#82
80 82 83 84#80,81,82,83,84#81
80 81 83 84#80,81,82,83,84#82
80 81 82 84#80,81,82,83,84#83
81 83 84 85#81,82,83,84,85#82
81 82 84 85#81,82,83,84,85#83
81 82 83 85#81,82,83,84,85#84
82 84 85 86#82,83,84,85,86#83
82 83 85 86#82,83,84,85,86#84
82 83 84 86#82,83,84,85,86#85
83 85 86 87#83,84,85,86,87#84
83 84 86 87#83,84,85,86,87#85
83 84 85 87#83,84,85,86,87#86
84 86 87 88#84,85,86,87,88#85
84 85 87 88#84,85,86,87,88#86
84 85 86 88#84,85,86,87,88#87
80 82 83 84#80,81,82,83,84#81
80 81 83 84#80,81,82,83,84#82
80 81 82 84#80,81,82,83,84#83
81 83 84 85#81,82,83,84,85#82
81 82 84 85#81,82,83,84,85#83
81 82 83 85#81,82,83,84,85#84
82 84 85 86#82,83,84,85,86#83
82 83 85 86#82,83,84,85,86#84
82 83 84 86#82,83,84,85,86#85
83 85 86 87#83,84,85,86,87#84
83 84 86 87#83,84,85,86,87#85
83 84 85 87#83,84,85,86,87#86
84 86 87 88#84,85,86,87,88#85
84 85 87 88#84,85,86,87,88#86
84 85 86 88#84,85,86,87,88#87
85 87 88 89#85,86,87,88,89#86
85 86 88 89#85,86,87,88,89#87
85 86 87 89#85,86,87,88,89#88
81 83 84 85#81,82,83,84,85#82
81 82 84 85#81,82,83,84,85#83
81 82 83 85#81,82,83,84,85#84
82 84 85 86#82,83,84,85,86#83
82 83 85 86#82,83,84,85,86#84
82 83 84 86#82,83,84,85,86#85
83 85 86 87#83,84,85,86,87#84
83 84 86 87#83,84,85,86,87#85
83 84 85 87#83,84,85,86,87#86
84 86 87 88#84,85,86,87,88#85
84 85 87 88#84,85,86,87,88#86
84 85 86 88#84,85,86,87,88#87
85 87 88 89#85,86,87,88,89#86
85 86 88 89#85,86,87,88,89#87
85 86 87 89#85,86,87,88,89#88
86 88 89 90#86,87,88,89,90#87
86 87 89 90#86,87,88,89,90#88
86 87 88 90#86,87,88,89,90#89
82 84 85 86#82,83,84,85,86#83
82 83 85 86#82,83,84,85,86#84
82 83 84 86#82,83,84,85,86#85
83 85 86 87#83,84,85,86,87#84
83 84 86 87#83,84,85,86,87#85
83 84 85 87#83,84,85,86,87#86
84 86 87 88#84,85,86,87,88#85
84 85 87 88#84,85,86,87,88#86
84 85 86 88#84,85,86,87,88#87
85 87 88 89#85,86,87,88,89#86
85 86 88 89#85,86,87,88,89#87
85 86 87 89#85,86,87,88,89#88
86 88 89 90#86,87,88,89,90#87
86 87 89 90#86,87,88,89,90#88
86 87 88 90#86,87,88,89,90#89
87 89 90 91#87,88,89,90,91#88
87 88 90 91#87,88,89,90,91#89
87 88 89 91#87,88,89,90,91#90
83 85 86 87#83,84,85,86,87#84
83 84 86 87#83,84,85,86,87#85
83 84 85 87#83,84,85,86,87#86
84 86 87 88#84,85,86,87,88#85
84 85 87 88#84,85,86,87,88#86
84 85 86 88#84,85,86,87,88#87
85 87 88 89#85,86,87,88,89#86
85 86 88 89#85,86,87,88,89#87
85 86 87 89#85,86,87,88,89#88
86 88 89 90#86,87,88,89,90#87
86 87 89 90#86,87,88,89,90#88
86 87 88 90#86,87,88,89,90#89
87 89 90 91#87,88,89,90,91#88
87 88 90 91#87,88,89,90,91#89
87 88 89 91#87,88,89,90,91#90
88 90 91 92#88,89,90,91,92#89
88 89 91 92#88,89,90,91,92#90
88 89 90 92#88,89,90,91,92#91
84 86 87 88#84,85,86,87,88#85
84 85 87 88#84,85,86,87,88#86
84 85 86 88#84,85,86,87,88#87
85 87 88 89#85,86,87,88,89#86
85 86 88 89#85,86,87,88,89#87
85 86 87 89#85,86,87,88,89#88
86 88 89 90#86,87,88,89,90#87
86 87 89 90#86,87,88,89,90#88
86 87 88 90#86,87,88,89,90#89
87 89 90 91#87,88,89,90,91#88
87 88 90 91#87,88,89,90,91#89
87 88 89 91#87,88,89,90,91#90
88 90 91 92#88,89,90,91,92#89
88 89 91 92#88,89,90,91,92#90
88 89 90 92#88,89,90,91,92#91
89 91 92 93#89,90,91,92,93#90
89 90 92 93#89,90,91,92,93#91
89 90 91 93#89,90,91,92,93#92
85 87 88 89#85,86,87,88,89#86
85 86 88 89#85,86,87,88,89#87
85 86 87 89#85,86,87,88,89#88
86 88 89 90#86,87,88,89,90#87
86 87 89 90#86,87,88,89,90#88
86 87 88 90#86,87,88,89,90#89
87 89 90 91#87,88,89,90,91#88
87 88 90 91#87,88,89,90,91#89
87 88 89 91#87,88,89,90,91#90
88 90 91 92#88,89,90,91,92#89
88 89 91 92#88,89,90,91,92#90
88 89 90 92#88,89,90,91,92#91
89 91 92 93#89,90,91,92,93#90
89 90 92 93#89,90,91,92,93#91
89 90 91 93#89,90,91,92,93#92
90 92 93 94#90,91,92,93,94#91
90 91 93 94#90,91,92,93,94#92
90 91 92 94#90,91,92,93,94#93
86 88 89 90#86,87,88,89,90#87
86 87 89 90#86,87,88,89,90#88
86 87 88 90#86,87,88,89,90#89
87 89 90 91#87,88,89,90,91#88
87 88 90 91#87,88,89,90,91#89
87 88 89 91#87,88,89,90,91#90
88 90 91 92#88,89,90,91,92#89
88 89 91 92#88,89,90,91,92#90
88 89 90 92#88,89,90,91,92#91
89 91 92 93#89,90,91,92,93#90
89 90 92 93#89,90,91,92,93#91
89 90 91 93#89,90,91,92,93#92
90 92 93 94#90,91,92,93,94#91
90 91 93 94#90,91,92,93,94#92
90 91 92 94#90,91,92,93,94#93
91 93 94 95#91,92,93,94,95#92
91 92 94 95#91,92,93,94,95#93
91 92 93 95#91,92,93,94,95#94
87 89 90 91#87,88,89,90,91#88
87 88 90 91#87,88,89,90,91#89
87 88 89 91#87,88,89,90,91#90
88 90 91 92#88,89,90,91,92#89
88 89 91 92#88,89,90,91,92#90
88 89 90 92#88,89,90,91,92#91
89 91 92 93#89,90,91,92,93#90
89 90 92 93#89,90,91,92,93#91
89 90 91 93#89,90,91,92,93#92
90 92 93 94#90,91,92,93,94#91
90 91 93 94#90,91,92,93,94#92
90 91 92 94#90,91,92,93,94#93
91 93 94 95#91,92,93,94,95#92
91 92 94 95#91,92,93,94,95#93
91 92 93 95#91,92,93,94,95#94
92 94 95 96#92,93,94,95,96#93
92 93 95 96#92,93,94,95,96#94
92 93 94 96#92,93,94,95,96#95
88 90 91 92#88,89,90,91,92#89
88 89 91 92#88,89,90,91,92#90
88 89 90 92#88,89,90,91,92#91
89 91 92 93#89,90,91,92,93#90
89 90 92 93#89,90,91,92,93#91
89 90 91 93#89,90,91,92,93#92
90 92 93 94#90,91,92,93,94#91
90 91 93 94#90,91,92,93,94#92
90 91 92 94#90,91,92,93,94#93
91 93 94 95#91,92,93,94,95#92
91 92 94 95#91,92,93,94,95#93
91 92 93 95#91,92,93,94,95#94
92 94 95 96#92,93,94,95,96#93
92 93 95 96#92,93,94,95,96#94
92 93 94 96#92,93,94,95,96#95
93 95 96 97#93,94,95,96,97#94
93 94 96 97#93,94,95,96,97#95
93 94 95 97#93,94,95,96,97#96
89 91 92 93#89,90,91,92,93#90
89 90 92 93#89,90,91,92,93#91
89 90 91 93#89,90,91,92,93#92
90 92 93 94#90,91,92,93,94#91
90 91 93 94#90,91,92,93,94#92
90 91 92 94#90,91,92,93,94#93
91 93 94 95#91,92,93,94,95#92
91 92 94 95#91,92,93,94,95#93
91 92 93 95#91,92,93,94,95#94
92 94 95 96#92,93,94,95,96#93
92 93 95 96#92,93,94,95,96#94
92 93 94 96#92,93,94,95,96#95
93 95 96 97#93,94,95,96,97#94
93 94 96 97#93,94,95,96,97#95
93 94 95 97#93,94,95,96,97#96
94 96 97 98#94,95,96,97,98#95
94 95 97 98#94,95,96,97,98#96
94 95 96 98#94,95,96,97,98#97
90 92 93 94#90,91,92,93,94#91
90 91 93 94#90,91,92,93,94#92
90 91 92 94#90,91,92,93,94#93
91 93 94 95#91,92,93,94,95#92
91 92 94 95#91,92,93,94,95#93
91 92 93 95#91,92,93,94,95#94
92 94 95 96#92,93,94,95,96#93
92 93 95 96#92,93,94,95,96#94
92 93 94 96#92,93,94,95,96#95
93 95 96 97#93,94,95,96,97#94
93 94 96 97#93,94,95,96,97#95
93 94 95 97#93,94,95,96,97#96
94 96 97 98#94,95,96,97,98#95
94 95 97 98#94,95,96,97,98#96
94 95 96 98#94,95,96,97,98#97
95 97 98 99#95,96,97,98,99#96
95 96 98 99#95,96,97,98,99#97
95 96 97 99#95,96,97,98,99#98
91 93 94 95#91,92,93,94,95#92
91 92 94 95#91,92,93,94,95#93
91 92 93 95#91,92,93,94,95#94
92 94 95 96#92,93,94,95,96#93
92 93 95 96#92,93,94,95,96#94
92 93 94 96#92,93,94,95,96#95
93 95 96 97#93,94,95,96,97#94
93 94 96 97#93,94,95,96,97#95
93 94 95 97#93,94,95,96,97#96
94 96 97 98#94,95,96,97,98#95
94 95 97 98#94,95,96,97,98#96
94 95 96 98#94,95,96,97,98#97
95 97 98 99#95,96,97,98,99#96
95 96 98 99#95,96,97,98,99#97
95 96 97 99#95,96,97,98,99#98
96 98 99 100#96,97,98,99,100#97
96 97 99 100#96,97,98,99,100#98
96 97 98 100#96,97,98,99,100#99
