//1_3_telrij_tellen_heen_volgende_getal.ps
//1_3_telrij_tellen_heen_volgende_getal.ps from: 10 span: 10 maxanswer: -1 spreiding: -1 step: -1
10 11 12 13 14#14,12,11,13,10,15#15
11 12 13 14 15#12,14,16,13,15,11#16
12 13 14 15 16#16,17,14,12,15,13#17
13 14 15 16 17#16,15,14,18,13,17#18
14 15 16 17 18#17,16,15,18,19,14#19
10 11 12 13 14#11,10,14,12,13,15#15
11 12 13 14 15#14,15,11,12,16,13#16
12 13 14 15 16#17,14,12,15,16,13#17
13 14 15 16 17#16,14,18,17,15,13#18
14 15 16 17 18#16,15,19,18,14,17#19
10 11 12 13 14#11,14,12,15,13,10#15
11 12 13 14 15#12,16,11,13,15,14#16
12 13 14 15 16#14,16,12,17,15,13#17
13 14 15 16 17#13,14,16,18,17,15#18
14 15 16 17 18#18,14,15,19,16,17#19
10 11 12 13 14#13,15,11,10,12,14#15
11 12 13 14 15#11,16,12,15,14,13#16
12 13 14 15 16#17,14,13,12,16,15#17
13 14 15 16 17#18,13,14,17,15,16#18
14 15 16 17 18#19,16,15,17,18,14#19
10 11 12 13 14#12,11,13,10,14,15#15
11 12 13 14 15#14,13,15,16,12,11#16
12 13 14 15 16#12,14,13,17,15,16#17
13 14 15 16 17#13,14,18,15,17,16#18
14 15 16 17 18#19,18,16,14,15,17#19
10 11 12 13 14#11,14,10,15,12,13#15
11 12 13 14 15#11,14,15,13,16,12#16
12 13 14 15 16#16,15,17,12,13,14#17
13 14 15 16 17#17,18,14,16,13,15#18
14 15 16 17 18#16,15,17,18,14,19#19
10 11 12 13 14#12,15,11,14,10,13#15
11 12 13 14 15#16,13,12,11,14,15#16
12 13 14 15 16#15,12,17,13,14,16#17
13 14 15 16 17#14,15,18,17,13,16#18
14 15 16 17 18#14,18,17,15,19,16#19
10 11 12 13 14#14,15,12,13,10,11#15
11 12 13 14 15#12,14,13,15,16,11#16
12 13 14 15 16#14,16,12,15,13,17#17
13 14 15 16 17#17,14,16,13,18,15#18
14 15 16 17 18#18,16,19,15,17,14#19
10 11 12 13 14#14,13,15,12,10,11#15
11 12 13 14 15#11,14,15,13,16,12#16
12 13 14 15 16#12,14,13,17,16,15#17
13 14 15 16 17#15,16,13,17,14,18#18
14 15 16 17 18#14,16,19,18,17,15#19
10 11 12 13 14#13,12,15,11,14,10#15
11 12 13 14 15#11,16,14,13,12,15#16
12 13 14 15 16#14,13,15,17,16,12#17
13 14 15 16 17#13,15,14,16,18,17#18
14 15 16 17 18#16,17,14,19,15,18#19
10 11 12 13 14#13,12,10,15,11,14#15
11 12 13 14 15#12,13,15,11,16,14#16
12 13 14 15 16#14,12,16,13,17,15#17
13 14 15 16 17#13,18,17,15,16,14#18
14 15 16 17 18#18,17,15,14,19,16#19
10 11 12 13 14#10,15,14,12,13,11#15
11 12 13 14 15#13,16,15,12,14,11#16
12 13 14 15 16#13,15,16,14,17,12#17
13 14 15 16 17#17,16,14,18,13,15#18
14 15 16 17 18#16,17,18,14,15,19#19
10 11 12 13 14#12,14,10,13,15,11#15
11 12 13 14 15#12,11,16,14,15,13#16
12 13 14 15 16#14,12,13,16,15,17#17
13 14 15 16 17#17,15,16,18,13,14#18
14 15 16 17 18#17,16,18,14,19,15#19
10 11 12 13 14#14,10,12,15,11,13#15
11 12 13 14 15#16,11,13,14,15,12#16
12 13 14 15 16#14,13,16,17,12,15#17
13 14 15 16 17#16,14,17,18,15,13#18
14 15 16 17 18#18,15,14,16,19,17#19
10 11 12 13 14#14,13,12,11,10,15#15
11 12 13 14 15#14,16,12,13,15,11#16
12 13 14 15 16#14,17,12,13,15,16#17
13 14 15 16 17#17,18,15,14,16,13#18
14 15 16 17 18#17,16,15,19,14,18#19
10 11 12 13 14#11,15,13,10,12,14#15
11 12 13 14 15#13,12,15,16,14,11#16
12 13 14 15 16#14,16,15,12,17,13#17
13 14 15 16 17#18,14,17,13,16,15#18
14 15 16 17 18#15,16,19,17,14,18#19
10 11 12 13 14#15,13,11,14,10,12#15
11 12 13 14 15#11,15,16,13,14,12#16
12 13 14 15 16#13,15,12,14,16,17#17
13 14 15 16 17#18,16,17,14,15,13#18
14 15 16 17 18#18,16,19,17,15,14#19
10 11 12 13 14#13,12,10,14,15,11#15
11 12 13 14 15#12,13,15,14,11,16#16
12 13 14 15 16#12,13,14,15,16,17#17
13 14 15 16 17#16,18,17,13,15,14#18
14 15 16 17 18#19,15,18,14,17,16#19
10 11 12 13 14#13,10,15,14,11,12#15
11 12 13 14 15#15,11,16,13,14,12#16
12 13 14 15 16#15,14,12,13,17,16#17
13 14 15 16 17#17,14,18,13,15,16#18
14 15 16 17 18#19,14,18,15,17,16#19
10 11 12 13 14#13,15,14,12,11,10#15
11 12 13 14 15#14,11,15,16,12,13#16
12 13 14 15 16#17,16,13,12,15,14#17
13 14 15 16 17#13,17,14,16,18,15#18
14 15 16 17 18#19,15,17,16,18,14#19
10 11 12 13 14#10,15,12,11,14,13#15
11 12 13 14 15#13,15,14,11,12,16#16
12 13 14 15 16#14,16,17,15,13,12#17
13 14 15 16 17#13,15,16,18,14,17#18
14 15 16 17 18#16,19,15,18,17,14#19
