//2_1tf_telrij_tellen_terug.ps
//2_1tf_telrij_tellen_terug.ps from: 10 span: 10 maxanswer: -1 spreiding: -1 step: -1
13 12 11 10##T
14 13 12 10##F
13 12 11 10##T
14 13 11 10##F
13 12 11 10##T
14 12 11 10##F
14 13 12 11##T
15 14 13 11##F
14 13 12 11##T
15 14 12 11##F
14 13 12 11##T
15 13 12 11##F
15 14 13 12##T
16 15 14 12##F
15 14 13 12##T
16 15 13 12##F
15 14 13 12##T
16 14 13 12##F
16 15 14 13##T
17 16 15 13##F
16 15 14 13##T
17 16 14 13##F
16 15 14 13##T
17 15 14 13##F
17 16 15 14##T
18 17 16 14##F
17 16 15 14##T
18 17 15 14##F
17 16 15 14##T
18 16 15 14##F
18 17 16 15##T
19 18 17 15##F
18 17 16 15##T
19 18 16 15##F
18 17 16 15##T
19 17 16 15##F
