//2_2_telrij_tellen_terug_welk_getal_mist.ps
//2_2_telrij_tellen_terug_welk_getal_mist.ps from: 1 span: 10 maxanswer: -1 spreiding: -1 step: -1
<@beep.wav>5 4 3 2 1#2,1,3,6,4,5#6
7<@beep.wav>5 4 3 2#6,2,7,4,3,5#6
8 7 6 5<@beep.wav>3#5,3,4,8,6,7#4
9 8 7 6<@beep.wav>4#9,7,5,4,6,8#5
<@beep.wav>9 8 7 6 5#8,10,5,9,6,7#10
6 5 4<@beep.wav>2 1#2,5,4,3,6,1#3
<@beep.wav>6 5 4 3 2#6,2,7,4,5,3#7
8 7 6 5<@beep.wav>3#8,6,3,5,4,7#4
9 8 7 6 5<@beep.wav>#8,5,9,6,7,4#4
10 9 8 7<@beep.wav>5#8,5,9,6,7,10#6
6 5 4 2<@beep.wav>1#6,1,4,5,3,2#3
7 6 5 4<@beep.wav>2#5,4,3,2,7,6#3
8 7 6 5 4<@beep.wav>#6,8,3,4,7,5#3
9 8 7 6<@beep.wav>5#9,6,7,5,8,4#4
10 9<@beep.wav>7 6 5#7,8,9,5,10,6#8
6 5 4 3 2<@beep.wav>#3,6,2,1,5,4#1
7 6<@beep.wav>4 3 2#4,7,3,2,6,5#5
8 7 6 5 4<@beep.wav>#4,5,3,7,8,6#3
9 7<@beep.wav>6 5 4#6,9,7,8,5,4#8
10 9 8 7<@beep.wav>5#8,9,7,5,6,10#6
6 5 4 3 2<@beep.wav>#5,2,3,6,4,1#1
7<@beep.wav>5 4 3 2#5,7,2,6,4,3#6
8 7<@beep.wav>6 4 3#8,7,5,3,6,4#5
9<@beep.wav>7 6 5 4#6,8,9,5,7,4#8
10 9 8 7<@beep.wav>5#9,8,7,10,5,6#6
<@beep.wav>5 4 3 2 1#5,1,2,4,6,3#6
7 6 5<@beep.wav>3 2#5,4,2,3,7,6#4
8<@beep.wav>6 5 4 3#6,7,3,8,5,4#7
9 8 7 6 5<@beep.wav>#7,4,8,9,6,5#4
10 9<@beep.wav>7 6 5#6,7,8,9,10,5#8
6 5 4 3 2<@beep.wav>#2,3,5,1,6,4#1
7 6<@beep.wav>4 3 2#4,6,3,2,7,5#5
8<@beep.wav>6 5 4 3#3,5,8,4,6,7#7
9 8 7 6<@beep.wav>4#4,7,8,9,5,6#5
10 9<@beep.wav>7 6 5#7,5,10,9,8,6#8
6 5 4 3<@beep.wav>1#3,6,5,1,4,2#2
7 6<@beep.wav>4 3 2#4,7,3,2,6,5#5
8 7 6 5 4<@beep.wav>#8,6,7,5,4,3#3
<@beep.wav>8 7 6 5 4#7,4,8,5,9,6#9
10 9 8<@beep.wav>6 5#6,5,7,8,9,10#7
6 5 4<@beep.wav>2 1#2,3,4,1,5,6#3
7 6 5 4 3<@beep.wav>#4,3,2,6,7,5#2
8 7<@beep.wav>5 4 3#5,4,8,7,3,6#6
<@beep.wav>8 7 6 5 4#9,8,4,5,6,7#9
10 9 8 7<@beep.wav>5#10,8,6,7,5,9#6
<@beep.wav>5 4 3 2 1#5,3,6,1,4,2#6
7 6 5 4<@beep.wav>2#3,7,6,5,2,4#3
8 7 6<@beep.wav>4 3#5,7,4,8,3,6#5
9<@beep.wav>7 6 5 4#5,7,4,8,6,9#8
10 9<@beep.wav>7 6 5#6,10,8,9,5,7#8
6 5 4 3<@beep.wav>1#4,1,3,6,5,2#2
<@beep.wav>6 5 4 3 2#5,6,7,2,4,3#7
8 7 6<@beep.wav>4 3#6,5,3,4,8,7#5
9<@beep.wav>7 6 5 4#5,7,8,9,4,6#8
10 9 8 7 6<@beep.wav>#5,6,10,9,8,7#5
6<@beep.wav>4 3 2 1#3,2,4,5,6,1#5
7 6 5<@beep.wav>3 2#5,3,2,6,4,7#4
8<@beep.wav>6 5 4 3#7,6,3,5,8,4#7
9 8 7 6 5<@beep.wav>#8,6,7,5,9,4#4
10 9<@beep.wav>7 6 5#7,9,10,5,6,8#8
6 5 4 3<@beep.wav>1#3,1,2,5,6,4#2
7 6<@beep.wav>4 3 2#3,2,6,5,4,7#5
<@beep.wav>7 6 5 4 3#6,4,7,3,5,8#8
9 8 7 6<@beep.wav>4#8,5,4,6,7,9#5
10<@beep.wav>8 7 6 5#9,10,6,8,5,7#9
6 5 4 3<@beep.wav>1#1,2,6,5,3,4#2
7 6<@beep.wav>4 3 2#7,5,6,3,4,2#5
8<@beep.wav>6 5 4 3#3,6,5,4,7,8#7
9 8 7 6 5<@beep.wav>#8,9,5,4,7,6#4
10 9 8 7<@beep.wav>5#8,9,5,6,10,7#6
6 5 4 3<@beep.wav>1#5,4,6,1,2,3#2
7 6 5<@beep.wav>3 2#3,7,6,4,2,5#4
8 7<@beep.wav>5 4 3#4,7,6,8,3,5#6
9 8 7 6 5<@beep.wav>#4,6,7,9,5,8#4
10<@beep.wav>8 7 6 5#6,8,5,7,10,9#9
<@beep.wav>5 4 3 2 1#3,5,6,2,1,4#6
7 6 5<@beep.wav>3 2#4,7,2,3,5,6#4
8 7 6<@beep.wav>4 3#5,8,4,7,3,6#5
9 8 7<@beep.wav>5 4#5,6,4,7,9,8#6
10 9 8 7 6<@beep.wav>#8,5,10,6,7,9#5
6 5 4 3<@beep.wav>1#5,4,2,3,6,1#2
7 6 5<@beep.wav>3 2#4,6,2,5,3,7#4
8 7 6 5 4<@beep.wav>#8,4,7,3,5,6#3
9 8<@beep.wav>6 5 4#5,9,4,8,6,7#7
10 9 8<@beep.wav>7 5#8,5,9,10,6,7#6
<@beep.wav>5 4 3 2 1#4,2,3,1,6,5#6
7 6 5<@beep.wav>3 2#5,7,6,2,3,4#4
<@beep.wav>7 6 5 4 3#5,8,6,4,3,7#8
9 8 7<@beep.wav>5 4#6,9,8,4,5,7#6
10<@beep.wav>8 7 6 5#5,6,7,8,10,9#9
6 5 4<@beep.wav>2 1#1,3,2,4,5,6#3
<@beep.wav>6 5 4 3 2#5,3,2,4,6,7#7
8 7 6<@beep.wav>4 3#4,3,8,7,6,5#5
9<@beep.wav>7 6 5 4#5,4,9,8,6,7#8
10 9 8 7<@beep.wav>5#10,9,8,6,7,5#6
<@beep.wav>5 4 3 2 1#1,5,3,6,2,4#6
7 6 5<@beep.wav>3 2#3,4,5,2,7,6#4
8<@beep.wav>6 5 4 3#4,6,3,8,7,5#7
9 8<@beep.wav>6 5 4#9,6,5,8,4,7#7
10 9 8 7<@beep.wav>5#8,6,9,10,5,7#6
6 5 4 3<@beep.wav>1#1,6,3,5,2,4#2
7 6 5 4 3<@beep.wav>#5,4,6,2,3,7#2
8<@beep.wav>6 5 4 3#3,8,6,5,7,4#7
9 8<@beep.wav>6 5 4#5,7,6,4,9,8#7
10 9<@beep.wav>7 6 5#7,8,6,10,5,9#8
