//2_3_telrij_tellen_terug_volgende_getal.ps
//2_3_telrij_tellen_terug_volgende_getal.ps from: 10 span: 10 maxanswer: -1 spreiding: -1 step: -1
15 14 13 12 11#10,13,11,14,15,12#10
16 15 14 13 12#14,15,16,13,11,12#11
17 16 15 14 13#14,12,16,17,13,15#12
18 17 16 15 14#13,14,16,18,17,15#13
19 18 17 16 15#15,14,16,18,17,19#14
15 14 13 12 11#15,11,13,12,14,10#10
16 15 14 13 12#14,11,15,12,13,16#11
17 16 15 14 13#13,15,16,14,17,12#12
18 17 16 15 14#14,13,16,17,15,18#13
19 18 17 16 15#15,17,18,16,19,14#14
15 14 13 12 11#11,10,13,15,14,12#10
16 15 14 13 12#11,13,15,12,16,14#11
17 16 15 14 13#14,15,13,17,16,12#12
18 17 16 15 14#15,18,14,17,16,13#13
19 18 17 16 15#16,14,15,18,19,17#14
15 14 13 12 11#10,12,13,11,15,14#10
16 15 14 13 12#14,11,15,12,13,16#11
17 16 15 14 13#12,17,16,13,15,14#12
18 17 16 15 14#17,13,14,15,18,16#13
19 18 17 16 15#15,18,14,19,16,17#14
15 14 13 12 11#12,13,14,15,10,11#10
16 15 14 13 12#12,15,11,16,13,14#11
17 16 15 14 13#14,13,17,12,15,16#12
18 17 16 15 14#18,13,16,15,14,17#13
19 18 17 16 15#18,15,17,14,16,19#14
15 14 13 12 11#11,12,14,15,10,13#10
16 15 14 13 12#15,12,13,11,16,14#11
17 16 15 14 13#13,17,15,12,14,16#12
18 17 16 15 14#15,14,16,18,17,13#13
19 18 17 16 15#17,15,14,18,16,19#14
15 14 13 12 11#10,13,12,14,15,11#10
16 15 14 13 12#11,15,16,12,14,13#11
17 16 15 14 13#13,16,12,14,17,15#12
18 17 16 15 14#14,13,16,17,18,15#13
19 18 17 16 15#19,15,14,18,16,17#14
15 14 13 12 11#14,12,10,11,15,13#10
16 15 14 13 12#13,12,14,15,16,11#11
17 16 15 14 13#15,14,12,13,17,16#12
18 17 16 15 14#14,17,15,16,13,18#13
19 18 17 16 15#14,15,17,19,18,16#14
15 14 13 12 11#13,12,10,14,15,11#10
16 15 14 13 12#13,11,12,16,15,14#11
17 16 15 14 13#13,15,16,12,14,17#12
18 17 16 15 14#14,17,13,18,16,15#13
19 18 17 16 15#15,16,19,17,18,14#14
15 14 13 12 11#15,13,14,10,12,11#10
16 15 14 13 12#14,13,11,12,15,16#11
17 16 15 14 13#13,16,14,12,17,15#12
18 17 16 15 14#14,17,16,18,13,15#13
19 18 17 16 15#16,17,14,19,18,15#14
15 14 13 12 11#11,13,15,12,10,14#10
16 15 14 13 12#12,15,14,11,16,13#11
17 16 15 14 13#13,15,14,12,16,17#12
18 17 16 15 14#18,14,15,13,16,17#13
19 18 17 16 15#18,17,15,16,14,19#14
15 14 13 12 11#12,14,13,10,15,11#10
16 15 14 13 12#15,13,12,16,11,14#11
17 16 15 14 13#15,12,14,17,16,13#12
18 17 16 15 14#17,15,18,14,16,13#13
19 18 17 16 15#19,17,15,14,16,18#14
15 14 13 12 11#15,12,14,11,13,10#10
16 15 14 13 12#12,15,16,11,14,13#11
17 16 15 14 13#14,16,15,12,17,13#12
18 17 16 15 14#14,18,13,15,16,17#13
19 18 17 16 15#16,18,17,14,15,19#14
15 14 13 12 11#11,10,12,13,14,15#10
16 15 14 13 12#16,14,15,13,11,12#11
17 16 15 14 13#17,14,15,12,13,16#12
18 17 16 15 14#16,17,18,15,14,13#13
19 18 17 16 15#14,19,17,18,16,15#14
15 14 13 12 11#10,11,12,14,13,15#10
16 15 14 13 12#14,15,12,13,16,11#11
17 16 15 14 13#16,15,12,14,17,13#12
18 17 16 15 14#15,14,17,16,13,18#13
19 18 17 16 15#17,18,15,16,19,14#14
15 14 13 12 11#13,15,14,11,10,12#10
16 15 14 13 12#13,14,12,16,15,11#11
17 16 15 14 13#15,17,16,13,14,12#12
18 17 16 15 14#17,13,16,14,15,18#13
19 18 17 16 15#16,14,17,18,15,19#14
15 14 13 12 11#10,11,13,14,12,15#10
16 15 14 13 12#13,12,15,11,14,16#11
17 16 15 14 13#12,15,16,14,17,13#12
18 17 16 15 14#18,13,17,15,16,14#13
19 18 17 16 15#17,15,19,18,14,16#14
15 14 13 12 11#12,10,13,14,11,15#10
16 15 14 13 12#13,15,11,16,14,12#11
17 16 15 14 13#14,17,15,16,12,13#12
18 17 16 15 14#18,13,17,15,14,16#13
19 18 17 16 15#14,18,17,19,16,15#14
15 14 13 12 11#14,13,12,15,11,10#10
16 15 14 13 12#14,13,12,16,11,15#11
17 16 15 14 13#16,12,15,17,13,14#12
18 17 16 15 14#17,13,14,15,16,18#13
19 18 17 16 15#15,17,14,19,18,16#14
15 14 13 12 11#13,14,12,15,10,11#10
16 15 14 13 12#14,13,11,12,15,16#11
17 16 15 14 13#17,12,13,16,14,15#12
18 17 16 15 14#17,16,15,14,13,18#13
19 18 17 16 15#17,18,14,16,19,15#14
15 14 13 12 11#15,11,14,12,13,10#10
16 15 14 13 12#11,12,15,13,14,16#11
17 16 15 14 13#14,15,13,17,16,12#12
18 17 16 15 14#15,14,16,17,18,13#13
19 18 17 16 15#17,16,18,14,15,19#14
