//3_1tf_telrij_tellen_heen_sprongen.ps
//3_1tf_telrij_tellen_heen_sprongen.ps from: 1 span: 10 maxanswer: -1 spreiding: -1 step: 5
5 10 15 20##T
5 15 20 25##F
5 10 15 20##T
5 10 20 25##F
5 10 15 20##T
5 10 15 25##F
10 15 20 25##T
10 20 25 30##F
10 15 20 25##T
10 15 25 30##F
10 15 20 25##T
10 15 20 30##F
15 20 25 30##T
15 25 30 35##F
15 20 25 30##T
15 20 30 35##F
15 20 25 30##T
15 20 25 35##F
20 25 30 35##T
20 30 35 40##F
20 25 30 35##T
20 25 35 40##F
20 25 30 35##T
20 25 30 40##F
25 30 35 40##T
25 35 40 45##F
25 30 35 40##T
25 30 40 45##F
25 30 35 40##T
25 30 35 45##F
30 35 40 45##T
30 40 45 50##F
30 35 40 45##T
30 35 45 50##F
30 35 40 45##T
30 35 40 50##F
