//3_1tf_telrij_tellen_heen_sprongen.ps
//3_1tf_telrij_tellen_heen_sprongen.ps from: 1 span: 10 maxanswer: -1 spreiding: -1 step: 2
2 4 6 8##T
2 6 8 10##F
2 4 6 8##T
2 4 8 10##F
2 4 6 8##T
2 4 6 10##F
4 6 8 10##T
4 8 10 12##F
4 6 8 10##T
4 6 10 12##F
4 6 8 10##T
4 6 8 12##F
6 8 10 12##T
6 10 12 14##F
6 8 10 12##T
6 8 12 14##F
6 8 10 12##T
6 8 10 14##F
8 10 12 14##T
8 12 14 16##F
8 10 12 14##T
8 10 14 16##F
8 10 12 14##T
8 10 12 16##F
10 12 14 16##T
10 14 16 18##F
10 12 14 16##T
10 12 16 18##F
10 12 14 16##T
10 12 14 18##F
12 14 16 18##T
12 16 18 20##F
12 14 16 18##T
12 14 18 20##F
12 14 16 18##T
12 14 16 20##F
