//3_2tf_telrij_tellen_terug_sprongen.ps
//3_2tf_telrij_tellen_terug_sprongen.ps from: 1 span: 10 maxanswer: -1 spreiding: -1 step: 2
8 6 4 2##T
10 8 6 2##F
8 6 4 2##T
10 8 4 2##F
8 6 4 2##T
10 6 4 2##F
10 8 6 4##T
12 10 8 4##F
10 8 6 4##T
12 10 6 4##F
10 8 6 4##T
12 8 6 4##F
12 10 8 6##T
14 12 10 6##F
12 10 8 6##T
14 12 8 6##F
12 10 8 6##T
14 10 8 6##F
14 12 10 8##T
16 14 12 8##F
14 12 10 8##T
16 14 10 8##F
14 12 10 8##T
16 12 10 8##F
16 14 12 10##T
18 16 14 10##F
16 14 12 10##T
18 16 12 10##F
16 14 12 10##T
18 14 12 10##F
18 16 14 12##T
20 18 16 12##F
18 16 14 12##T
20 18 14 12##F
18 16 14 12##T
20 16 14 12##F
