//3_2tf_telrij_tellen_heenterug_sprongen.ps
//3_2tf_telrij_tellen_heenterug_sprongen.ps from: 1 span: 10 maxanswer: -1 spreiding: -1 step: 5
5 10 15 20##T
5 15 20 25##F
20 15 10 5##T
25 20 15 5##F
5 10 15 20##T
5 10 20 25##F
20 15 10 5##T
25 20 10 5##F
5 10 15 20##T
5 10 15 25##F
20 15 10 5##T
25 15 10 5##F
10 15 20 25##T
10 20 25 30##F
25 20 15 10##T
30 25 20 10##F
10 15 20 25##T
10 15 25 30##F
25 20 15 10##T
30 25 15 10##F
10 15 20 25##T
10 15 20 30##F
25 20 15 10##T
30 20 15 10##F
15 20 25 30##T
15 25 30 35##F
30 25 20 15##T
35 30 25 15##F
15 20 25 30##T
15 20 30 35##F
30 25 20 15##T
35 30 20 15##F
15 20 25 30##T
15 20 25 35##F
30 25 20 15##T
35 25 20 15##F
20 25 30 35##T
20 30 35 40##F
35 30 25 20##T
40 35 30 20##F
20 25 30 35##T
20 25 35 40##F
35 30 25 20##T
40 35 25 20##F
20 25 30 35##T
20 25 30 40##F
35 30 25 20##T
40 30 25 20##F
25 30 35 40##T
25 35 40 45##F
40 35 30 25##T
45 40 35 25##F
25 30 35 40##T
25 30 40 45##F
40 35 30 25##T
45 40 30 25##F
25 30 35 40##T
25 30 35 45##F
40 35 30 25##T
45 35 30 25##F
30 35 40 45##T
30 40 45 50##F
45 40 35 30##T
50 45 40 30##F
30 35 40 45##T
30 35 45 50##F
45 40 35 30##T
50 45 35 30##F
30 35 40 45##T
30 35 40 50##F
45 40 35 30##T
50 40 35 30##F
