//3_2tf_telrij_tellen_terug_sprongen.ps
//3_2tf_telrij_tellen_terug_sprongen.ps from: 1 span: 10 maxanswer: -1 spreiding: -1 step: 5
20 15 10 5##T
25 20 15 5##F
20 15 10 5##T
25 20 10 5##F
20 15 10 5##T
25 15 10 5##F
25 20 15 10##T
30 25 20 10##F
25 20 15 10##T
30 25 15 10##F
25 20 15 10##T
30 20 15 10##F
30 25 20 15##T
35 30 25 15##F
30 25 20 15##T
35 30 20 15##F
30 25 20 15##T
35 25 20 15##F
35 30 25 20##T
40 35 30 20##F
35 30 25 20##T
40 35 25 20##F
35 30 25 20##T
40 30 25 20##F
40 35 30 25##T
45 40 35 25##F
40 35 30 25##T
45 40 30 25##F
40 35 30 25##T
45 35 30 25##F
45 40 35 30##T
50 45 40 30##F
45 40 35 30##T
50 45 35 30##F
45 40 35 30##T
50 40 35 30##F
