//3_2tf_telrij_tellen_heenterug_sprongen.ps
//3_2tf_telrij_tellen_heenterug_sprongen.ps from: 1 span: 10 maxanswer: -1 spreiding: -1 step: 2
2 4 6 8##T
2 6 8 10##F
8 6 4 2##T
10 8 6 2##F
2 4 6 8##T
2 4 8 10##F
8 6 4 2##T
10 8 4 2##F
2 4 6 8##T
2 4 6 10##F
8 6 4 2##T
10 6 4 2##F
4 6 8 10##T
4 8 10 12##F
10 8 6 4##T
12 10 8 4##F
4 6 8 10##T
4 6 10 12##F
10 8 6 4##T
12 10 6 4##F
4 6 8 10##T
4 6 8 12##F
10 8 6 4##T
12 8 6 4##F
6 8 10 12##T
6 10 12 14##F
12 10 8 6##T
14 12 10 6##F
6 8 10 12##T
6 8 12 14##F
12 10 8 6##T
14 12 8 6##F
6 8 10 12##T
6 8 10 14##F
12 10 8 6##T
14 10 8 6##F
8 10 12 14##T
8 12 14 16##F
14 12 10 8##T
16 14 12 8##F
8 10 12 14##T
8 10 14 16##F
14 12 10 8##T
16 14 10 8##F
8 10 12 14##T
8 10 12 16##F
14 12 10 8##T
16 12 10 8##F
10 12 14 16##T
10 14 16 18##F
16 14 12 10##T
18 16 14 10##F
10 12 14 16##T
10 12 16 18##F
16 14 12 10##T
18 16 12 10##F
10 12 14 16##T
10 12 14 18##F
16 14 12 10##T
18 14 12 10##F
12 14 16 18##T
12 16 18 20##F
18 16 14 12##T
20 18 16 12##F
12 14 16 18##T
12 14 18 20##F
18 16 14 12##T
20 18 14 12##F
12 14 16 18##T
12 14 16 20##F
18 16 14 12##T
20 16 14 12##F
