//7_1_welke_kant_ligt_de_meeste.ps
//7_1_welke_kant_ligt_de_meeste.ps from: 10 span: 10 maxanswer: 20 spreiding: 3 step: 1
1#1 2#T
1#1 2 3#T
1#1 2 3 4#T
1#1 2 3 4 5#T
1#1 2 3 4 5 6#T
1#1 2 3 4 5 6 7#T
1#1 2 3 4 5 6 7 8#T
1#1 2 3 4 5 6 7 8 9#T
1#1 2 3 4 5 6 7 8 9 10#T
1 2#1#F
1 2#1 2 3#T
1 2#1 2 3 4#T
1 2#1 2 3 4 5#T
1 2#1 2 3 4 5 6#T
1 2#1 2 3 4 5 6 7#T
1 2#1 2 3 4 5 6 7 8#T
1 2#1 2 3 4 5 6 7 8 9#T
1 2#1 2 3 4 5 6 7 8 9 10#T
1 2 3#1#F
1 2 3#1 2#F
1 2 3#1 2 3 4#T
1 2 3#1 2 3 4 5#T
1 2 3#1 2 3 4 5 6#T
1 2 3#1 2 3 4 5 6 7#T
1 2 3#1 2 3 4 5 6 7 8#T
1 2 3#1 2 3 4 5 6 7 8 9#T
1 2 3#1 2 3 4 5 6 7 8 9 10#T
1 2 3 4#1#F
1 2 3 4#1 2#F
1 2 3 4#1 2 3#F
1 2 3 4#1 2 3 4 5#T
1 2 3 4#1 2 3 4 5 6#T
1 2 3 4#1 2 3 4 5 6 7#T
1 2 3 4#1 2 3 4 5 6 7 8#T
1 2 3 4#1 2 3 4 5 6 7 8 9#T
1 2 3 4#1 2 3 4 5 6 7 8 9 10#T
1 2 3 4 5#1#F
1 2 3 4 5#1 2#F
1 2 3 4 5#1 2 3#F
1 2 3 4 5#1 2 3 4#F
1 2 3 4 5#1 2 3 4 5 6#T
1 2 3 4 5#1 2 3 4 5 6 7#T
1 2 3 4 5#1 2 3 4 5 6 7 8#T
1 2 3 4 5#1 2 3 4 5 6 7 8 9#T
1 2 3 4 5#1 2 3 4 5 6 7 8 9 10#T
1 2 3 4 5 6#1#F
1 2 3 4 5 6#1 2#F
1 2 3 4 5 6#1 2 3#F
1 2 3 4 5 6#1 2 3 4#F
1 2 3 4 5 6#1 2 3 4 5#F
1 2 3 4 5 6#1 2 3 4 5 6 7#T
1 2 3 4 5 6#1 2 3 4 5 6 7 8#T
1 2 3 4 5 6#1 2 3 4 5 6 7 8 9#T
1 2 3 4 5 6#1 2 3 4 5 6 7 8 9 10#T
1 2 3 4 5 6 7#1#F
1 2 3 4 5 6 7#1 2#F
1 2 3 4 5 6 7#1 2 3#F
1 2 3 4 5 6 7#1 2 3 4#F
1 2 3 4 5 6 7#1 2 3 4 5#F
1 2 3 4 5 6 7#1 2 3 4 5 6#F
1 2 3 4 5 6 7#1 2 3 4 5 6 7 8#T
1 2 3 4 5 6 7#1 2 3 4 5 6 7 8 9#T
1 2 3 4 5 6 7#1 2 3 4 5 6 7 8 9 10#T
1 2 3 4 5 6 7 8#1#F
1 2 3 4 5 6 7 8#1 2#F
1 2 3 4 5 6 7 8#1 2 3#F
1 2 3 4 5 6 7 8#1 2 3 4#F
1 2 3 4 5 6 7 8#1 2 3 4 5#F
1 2 3 4 5 6 7 8#1 2 3 4 5 6#F
1 2 3 4 5 6 7 8#1 2 3 4 5 6 7#F
1 2 3 4 5 6 7 8#1 2 3 4 5 6 7 8 9#T
1 2 3 4 5 6 7 8#1 2 3 4 5 6 7 8 9 10#T
1 2 3 4 5 6 7 8 9#1#F
1 2 3 4 5 6 7 8 9#1 2#F
1 2 3 4 5 6 7 8 9#1 2 3#F
1 2 3 4 5 6 7 8 9#1 2 3 4#F
1 2 3 4 5 6 7 8 9#1 2 3 4 5#F
1 2 3 4 5 6 7 8 9#1 2 3 4 5 6#F
1 2 3 4 5 6 7 8 9#1 2 3 4 5 6 7#F
1 2 3 4 5 6 7 8 9#1 2 3 4 5 6 7 8#F
1 2 3 4 5 6 7 8 9#1 2 3 4 5 6 7 8 9 10#T
1 2 3 4 5 6 7 8 9 10#1#F
1 2 3 4 5 6 7 8 9 10#1 2#F
1 2 3 4 5 6 7 8 9 10#1 2 3#F
1 2 3 4 5 6 7 8 9 10#1 2 3 4#F
1 2 3 4 5 6 7 8 9 10#1 2 3 4 5#F
1 2 3 4 5 6 7 8 9 10#1 2 3 4 5 6#F
1 2 3 4 5 6 7 8 9 10#1 2 3 4 5 6 7#F
1 2 3 4 5 6 7 8 9 10#1 2 3 4 5 6 7 8#F
1 2 3 4 5 6 7 8 9 10#1 2 3 4 5 6 7 8 9#F
